1000
0.26903 -0.30696 -0.46517 0 -0 0
0.081446 -0.15836 0.25784 0 -0 0
0.42831 0.4329 0.45711 -0 0 -0
0.08009 -0.10933 -0.15713 0 0 -0
-0.48302 -0.22678 0.13824 0 -0 -0
-0.37914 -0.34805 -0.15699 -0 0 -0
0.36271 -0.10289 -0.28353 -0 0 -0
-0.015703 -0.12528 0.2862 0 -0 -0
0.34486 -0.36889 0.22309 -0 0 -0
-0.29059 -0.064959 -0.22116 -0 -0 0
0.052291 -0.40849 0.082431 0 -0 0
0.12988 0.11463 -0.078994 0 0 0
-0.46801 -0.48902 -0.40793 -0 0 -0
0.11471 0.07326 -0.47597 0 -0 0
-0.13759 0.28973 -0.0088542 -0 0 -0
-0.45047 -0.26463 -0.22173 -0 0 -0
-0.01043 -0.05198 -0.16024 0 -0 0
-0.30749 0.069358 -0.21265 0 -0 0
-0.37692 -0.4386 -0.3291 -0 -0 -0
-0.29451 -0.0037111 -0.10074 0 -0 -0
-0.35349 0.14232 0.19765 0 0 -0
-0.31093 -0.27873 -0.29632 -0 -0 -0
-0.45735 0.33706 0.16633 0 0 -0
0.1352 0.47108 -0.056934 0 0 -0
-0.21813 0.34637 -0.066705 -0 0 -0
0.038597 0.0059995 -0.32476 0 -0 0
0.19516 -0.22112 -0.3068 -0 0 0
-0.00088399 0.24662 0.11642 -0 0 -0
0.035801 -0.26307 -0.23099 -0 -0 0
-0.054817 0.45735 0.059678 0 -0 -0
-0.37607 0.12026 0.44478 -0 -0 0
-0.0096427 0.10026 0.21447 -0 0 0
0.353 -0.3274 0.17922 -0 0 -0
0.37393 -0.40965 0.45938 -0 -0 -0
-0.22971 -0.24474 0.27533 0 -0 -0
-0.29154 0.35857 0.10773 0 0 0
0.06498 0.41107 0.448 0 0 -0
0.14031 0.19963 -0.44036 0 -0 0
-0.082971 0.22518 -0.23129 -0 -0 0
-0.29402 -0.27011 0.48668 -0 0 0
0.44793 0.076053 0.27221 0 0 -0
-0.41793 0.31063 -0.024646 0 0 -0
-0.39429 -0.096157 0.1809 0 0 -0
-0.35796 0.48844 -0.083065 -0 -0 0
-0.33354 -0.41 -0.11985 -0 0 -0
0.12096 -0.17906 -0.28673 -0 0 -0
0.07371 0.011409 -0.11706 -0 -0 0
-0.44792 -0.43939 -0.47033 0 0 0
0.4312 0.22569 -0.027679 -0 0 -0
0.22866 0.056556 -0.16663 -0 -0 0
0.23784 0.02936 0.47584 0 0 -0
-0.4366 0.32998 0.055444 -0 0 -0
0.36044 0.35876 0.3463 -0 -0 0
0.43441 0.28903 -0.091937 0 0 0
0.4844 -0.18217 -0.037982 0 0 0
0.35894 -0.047793 0.32631 0 0 -0
0.28556 0.25223 0.4912 -0 0 -0
0.013377 -0.39014 0.023948 0 -0 0
-0.3224 -0.39026 0.42544 -0 0 0
-0.10141 -0.23012 0.23902 0 -0 -0
-0.36607 0.024637 0.06743 0 0 0
-0.46911 0.47265 0.46878 0 0 -0
0.43914 0.21041 0.3245 -0 -0 -0
-0.19869 -0.18814 0.45961 -0 -0 0
-0.20447 -0.20854 0.14635 -0 0 -0
-0.16706 0.35036 -0.12043 0 -0 0
-0.032932 0.41165 -0.023425 -0 -0 -0
0.1482 0.13928 0.41189 -0 0 -0
-0.47477 -0.24463 -0.48515 0 -0 -0
0.34221 -0.41133 -0.34331 -0 -0 -0
0.059033 0.33826 -0.028432 0 -0 0
0.3541 0.084719 0.042992 0 0 0
-0.15212 0.44811 -0.44031 0 0 0
-0.053973 -0.43897 0.15803 -0 0 0
-0.44576 0.084641 0.38964 -0 -0 0
-0.32289 -0.21489 -0.39037 0 0 0
0.16281 0.32773 -0.062227 -0 -0 -0
-0.16917 -0.30901 -0.21977 0 0 -0
0.39849 -0.05747 0.48525 0 0 -0
-0.38184 -0.10659 0.10876 0 -0 -0
0.48842 0.32657 -0.24625 0 0 0
0.039982 0.17687 -0.36739 0 0 -0
0.20692 -0.2924 0.045005 0 0 0
0.49949 -0.1819 0.3278 0 -0 -0
-0.21215 -0.36619 0.33701 0 -0 0
-0.085477 0.17146 0.33335 -0 0 0
-0.03516 0.070991 -0.29628 -0 -0 -0
0.26396 -0.33023 0.044418 -0 -0 0
0.3182 -0.35234 0.37494 0 0 -0
-0.39978 -0.02392 -0.379 -0 -0 -0
-0.32188 0.4081 0.35635 0 0 0
-0.14037 0.052175 0.39978 0 0 -0
-0.4433 -0.46706 -0.28213 -0 0 -0
0.021886 -0.44614 -0.42302 0 -0 0
-0.16415 0.30506 -0.025785 0 0 -0
-0.32433 -0.048625 0.33503 0 -0 0
-0.29105 -0.11735 -0.030606 0 0 0
0.40515 0.28964 -0.08623 0 0 -0
0.17539 -0.13571 0.0027463 -0 -0 0
-0.031532 0.03235 -0.37456 0 0 0
0.41213 0.21166 -0.36771 0 0 -0
-0.39599 0.37148 0.37048 -0 -0 0
0.24555 -0.17131 0.10295 -0 -0 0
0.23627 0.15012 -0.2347 0 0 0
0.061861 0.47484 0.3648 -0 -0 0
-0.31581 -0.42403 -0.44189 0 -0 -0
0.097211 0.087019 -0.042246 -0 -0 0
-0.20006 -0.086114 0.22221 -0 0 -0
-0.36588 -0.19086 -0.161 0 0 0
-0.2874 -0.23617 -0.09878 -0 -0 0
0.39494 0.25877 0.02698 0 0 -0
-0.42855 0.49522 0.39424 -0 0 0
-0.25751 -0.31343 0.27836 -0 -0 0
-0.44625 0.28115 -0.43063 0 -0 -0
-0.058278 -0.3042 -0.22122 0 -0 -0
-0.48672 0.49236 -0.12063 0 0 0
0.39719 0.30226 0.36467 0 -0 0
-0.30334 -0.075773 -0.08004 0 0 0
-0.40663 0.22886 -0.26012 0 -0 -0
-0.19263 -0.0016464 0.097655 0 -0 -0
-0.043942 0.30899 -0.020596 -0 0 0
-0.39833 -0.14349 0.39855 -0 0 0
0.49539 -0.42676 0.43471 0 -0 -0
-0.16791 0.090991 0.31789 -0 0 0
-0.20265 0.41019 0.20891 -0 -0 0
-0.43795 -0.30623 0.24322 0 0 0
-0.20176 -0.067632 0.39971 0 0 -0
-0.45365 0.24916 -0.43476 -0 0 -0
0.0054281 -0.46082 -0.16409 0 0 -0
0.26143 0.44632 -0.49566 -0 0 -0
0.13107 0.26367 0.3281 -0 -0 -0
-0.41011 0.058821 0.0074354 -0 0 0
-0.41914 -0.31616 -0.13384 -0 0 -0
0.27724 -0.0020512 -0.27336 -0 0 -0
0.40513 0.017846 0.034832 -0 -0 0
0.033772 0.49424 -0.21052 0 -0 0
-0.39085 0.35485 -0.43163 0 -0 -0
0.32581 0.4624 -0.41503 -0 -0 0
-0.1619 0.17894 -0.43166 -0 -0 0
-0.20603 -0.096499 -0.090184 -0 -0 0
0.24631 0.43498 -0.37662 -0 0 -0
-0.48966 -0.020515 -0.056983 -0 0 -0
-0.45155 -0.26821 0.39894 -0 -0 -0
0.16792 -0.10371 -0.14636 -0 0 -0
0.10347 0.20508 -0.37982 -0 0 -0
0.026102 0.058559 0.069111 0 0 -0
0.22971 0.25663 0.37503 0 0 0
0.20725 0.49548 -0.15143 0 0 -0
0.28138 0.46243 -0.45808 0 -0 -0
-0.21202 0.035067 -0.35766 0 0 0
0.19253 0.46387 -0.42341 -0 -0 -0
0.05667 -0.38437 0.24053 0 -0 -0
-0.10348 -0.44855 -0.043475 0 0 0
-0.43841 -0.19565 0.16825 0 -0 0
0.28018 0.080192 0.19925 -0 -0 -0
-0.16242 0.030964 0.071357 0 -0 0
0.10787 0.40121 0.12869 -0 0 -0
0.24125 0.04055 0.37776 0 0 0
-0.39519 -0.068019 0.16235 0 0 0
-0.37211 0.042667 0.37541 -0 0 -0
0.04954 0.21241 -0.032483 0 0 -0
-0.014771 -0.48333 -0.35866 -0 0 -0
0.39048 0.30092 -0.43187 -0 -0 -0
0.29896 -0.35749 0.21424 -0 0 -0
0.23434 -0.021526 -0.19201 -0 0 0
-0.44867 -0.24316 0.17116 -0 -0 0
-0.42711 -0.13091 0.15242 0 -0 -0
-0.41147 0.16176 0.031049 0 0 0
0.29835 -0.33039 0.21511 0 -0 -0
0.44301 -0.22122 0.0048106 0 0 0
0.18372 -0.30178 -0.012001 0 -0 0
-0.36792 -0.30493 -0.0021617 0 0 0
0.22272 -0.17316 0.43598 0 -0 -0
-0.38965 0.38034 -0.11072 0 0 0
-0.38251 -0.028898 -0.38285 0 0 -0
0.14072 -0.096031 -0.25958 0 -0 -0
-0.17119 -0.32077 0.18491 -0 -0 -0
0.15381 0.46892 0.33925 0 0 0
0.24913 -0.092544 0.47014 -0 -0 -0
0.083186 0.34449 -0.28483 0 -0 -0
0.24003 0.11533 0.26034 0 0 -0
-0.26517 -0.12339 0.084103 0 -0 0
0.23496 0.37718 -0.097048 -0 0 0
0.4706 0.28485 0.01004 -0 0 0
0.36693 -0.035046 -0.0043558 -0 -0 0
-0.41377 0.31398 0.15137 0 0 -0
-0.13356 0.39844 0.24371 0 0 -0
-0.1308 -0.070761 -0.19805 -0 0 0
0.18503 -0.16567 -0.41039 -0 0 -0
0.097942 0.096647 0.32597 0 0 0
0.28936 0.40199 -0.11041 0 0 0
-0.13235 0.20207 0.2753 0 -0 -0
-0.29397 -0.12254 -0.32063 -0 -0 -0
-0.41333 0.23496 -0.39064 -0 -0 -0
0.27193 0.4541 0.40516 0 -0 0
-0.29433 0.042813 0.37635 -0 -0 0
-0.11173 0.040106 0.49979 -0 0 -0
0.051779 -0.18889 0.36425 -0 0 0
-0.27105 -0.42877 -0.46312 0 0 -0
0.14194 -0.31802 0.044682 -0 0 0
-0.01552 -0.40701 0.49762 0 -0 0
-0.34815 -0.036511 0.011008 -0 -0 -0
0.28193 -0.49067 0.37351 0 -0 -0
-0.39939 0.41503 -0.42978 0 0 0
-0.20593 0.14274 0.48754 0 -0 0
-0.26263 -0.49858 0.42271 0 0 0
0.030872 -0.46961 0.064261 -0 0 -0
-0.4085 -0.29153 -0.068538 0 0 -0
-0.094685 -0.045034 -0.16216 -0 -0 0
-0.39515 -0.37273 0.22072 -0 0 0
-0.38772 -0.49135 -0.48634 -0 -0 -0
0.28443 0.22708 -0.12594 0 -0 0
-0.20843 -0.14588 0.42269 -0 0 0
0.10353 0.28045 0.04648 -0 0 -0
0.46442 -0.063343 -0.026113 -0 -0 -0
-0.067515 -0.063445 -0.0034627 0 0 -0
0.19475 -0.45079 -0.19103 -0 -0 -0
0.2581 -0.45037 0.45084 -0 -0 -0
-0.067358 -0.4089 0.48199 0 -0 0
0.1555 0.094037 0.013563 0 -0 -0
-0.39024 -0.25892 0.49259 0 -0 0
0.43376 0.34137 -0.044156 -0 0 0
-0.31254 0.35721 -0.073959 -0 -0 -0
-0.23382 0.46361 -0.28679 0 0 0
0.29783 -0.0111 -0.30675 0 -0 0
-0.012396 -0.27969 0.33275 0 -0 -0
0.26896 -0.27379 0.22664 -0 0 0
-0.10399 0.036788 0.029746 -0 -0 -0
-0.22706 0.26211 0.32908 -0 -0 0
-0.46277 -0.15243 0.011874 0 0 -0
0.17329 -0.038768 0.051962 0 0 -0
-0.070436 0.13932 -0.28672 0 0 0
-0.048261 0.41734 0.087821 -0 0 0
0.10986 -0.33843 -0.35724 -0 -0 0
-0.4406 0.21564 -0.44778 -0 0 0
-0.18419 0.077739 0.18331 -0 -0 -0
0.27272 -0.066701 0.10856 0 0 0
0.19643 0.38424 -0.28034 0 -0 -0
-0.37467 -0.10695 -0.09372 0 -0 -0
-0.36985 -0.32102 0.12991 0 0 -0
-0.40765 0.13333 0.055308 0 0 0
-0.49218 0.124 -0.37242 0 -0 0
-0.076891 -0.17206 -0.3308 0 -0 0
0.15557 0.30297 -0.499 -0 0 0
0.22292 0.49948 -0.081838 0 -0 0
0.031209 0.48098 -0.011514 -0 -0 -0
-0.39118 -0.37296 -0.34013 0 0 -0
0.13177 -0.26776 0.16684 -0 0 -0
-0.3735 -0.47637 -0.48208 -0 0 0
-0.3657 0.10743 -0.38032 0 0 -0
-0.40141 -0.38919 0.45213 -0 0 0
-0.35797 -0.09254 0.47585 0 0 -0
-0.33175 0.38408 -0.46909 0 0 -0
-0.30375 0.048133 -0.0061182 -0 0 -0
-0.18252 -0.131 0.36272 0 0 -0
-0.18357 -0.29165 -0.25712 -0 -0 0
-0.28244 -0.059057 0.33427 0 0 0
-0.24896 0.4562 0.31359 0 -0 0
0.39292 -0.37597 0.12897 -0 -0 0
0.20322 -0.029237 -0.49776 -0 -0 0
0.055738 0.3569 -0.12028 -0 0 0
-0.31557 -0.45661 0.40441 -0 -0 -0
-0.28797 0.19163 0.18035 -0 -0 -0
-0.42265 0.47899 -0.12118 0 0 -0
0.4138 -0.21673 0.13195 -0 0 -0
0.20672 -0.36622 -0.25673 0 -0 -0
0.057789 0.18528 0.071413 -0 -0 -0
-0.18657 0.40945 0.48173 0 -0 -0
-0.3338 0.11087 0.34968 -0 -0 0
0.1225 0.39998 -0.21656 0 0 -0
0.48793 -0.30657 0.18246 0 0 -0
-0.32957 0.25442 -0.14188 0 0 -0
-0.24221 -0.15374 0.48693 -0 0 -0
-0.1032 -0.081375 -0.41601 0 -0 0
-0.42601 -0.34428 -0.24969 0 0 -0
0.1841 0.319 0.31135 0 -0 -0
-0.097612 0.12492 -0.41558 -0 0 0
0.48284 0.23856 0.031254 -0 0 -0
-0.097816 0.30511 0.30062 0 -0 -0
0.12067 -0.43278 0.23882 -0 -0 -0
-0.34563 0.45079 -0.35834 -0 -0 0
-0.11865 -0.002423 -0.062106 -0 0 -0
-0.33887 0.25515 -0.14962 0 -0 -0
0.25811 0.24241 -0.021503 0 -0 0
0.37111 0.33113 0.087403 -0 -0 -0
-0.14922 -0.3435 -0.35419 0 -0 0
0.18554 -0.042691 0.40533 0 -0 0
-0.20585 0.1181 0.14019 0 0 -0
0.030629 0.43218 -0.33706 0 -0 0
0.33242 0.33509 0.065911 0 0 0
0.09749 0.39542 0.43162 0 -0 0
-0.16469 0.082519 0.2831 -0 0 0
-0.20077 0.082747 0.18569 0 -0 0
-0.047407 0.35493 -0.033781 -0 -0 -0
-0.077354 -0.46513 -0.23968 0 0 -0
-0.14039 0.38542 0.069268 0 0 0
0.058319 -0.092269 -0.25123 -0 0 0
0.24255 -0.46362 -0.1807 0 -0 0
-0.075665 0.24615 0.4108 -0 0 -0
-0.070644 -0.34517 0.38522 -0 -0 0
-0.37513 -0.35609 0.29459 -0 -0 -0
-0.47557 0.10596 0.42581 0 -0 0
-0.20981 -0.24552 -0.32116 0 -0 0
-0.18248 -0.17585 0.017541 -0 -0 0
0.15369 -0.098209 0.12701 0 -0 -0
0.45694 -0.093627 0.41318 0 -0 0
0.43573 -0.11381 0.16397 -0 -0 0
-0.042114 0.1098 -0.11081 -0 -0 -0
-0.25952 -0.33311 0.24001 0 0 -0
0.2639 -0.31191 0.31763 0 0 -0
0.25933 -0.40537 0.10034 0 -0 0
0.24065 -0.17681 -0.415 -0 0 0
0.24369 0.2696 0.42236 -0 0 -0
-0.39408 -0.26588 -0.4464 -0 0 0
0.18156 0.24037 0.027025 -0 -0 -0
-0.036739 0.19282 -0.38115 0 -0 -0
-0.28784 0.32408 -0.11986 -0 0 -0
-0.40148 0.32798 0.31283 0 0 -0
0.32357 -0.20663 -0.2559 0 -0 0
-0.32499 -0.19063 0.38442 -0 -0 -0
-0.33643 0.02303 0.21265 0 0 -0
0.16599 -0.1747 -0.12185 0 0 0
0.39439 0.33184 -0.25108 -0 0 0
0.016558 0.31029 -0.24715 0 -0 -0
0.2027 0.056998 0.26724 -0 0 0
-0.34641 -0.23704 -0.45014 0 0 -0
0.45346 0.18057 0.18529 0 -0 0
0.040884 -0.26635 0.12028 0 -0 0
0.17973 -0.043575 0.24668 -0 -0 -0
-0.46344 -0.11543 0.47726 -0 0 -0
0.3092 0.038601 -0.11609 0 -0 0
0.24862 0.4917 -0.23979 -0 -0 0
-0.37981 0.25522 0.37747 -0 0 -0
0.025045 0.48045 0.3061 0 0 -0
-0.17417 -0.26522 -0.038879 0 -0 -0
0.046449 0.028559 -0.40904 0 -0 0
-0.10112 -0.44856 0.064269 -0 0 0
-0.084907 0.25688 -0.31262 -0 -0 0
-0.31926 0.10198 0.03169 0 0 -0
-0.24461 0.35717 -0.14497 0 -0 -0
-0.47946 0.48828 -0.18522 -0 0 0
0.42368 0.42948 0.22674 -0 0 -0
0.1537 -0.090485 0.015773 -0 0 -0
0.43261 -0.49966 0.29064 0 -0 -0
-0.33649 0.040878 -0.29551 0 0 0
0.4211 -0.29227 0.17811 -0 0 -0
0.29466 -0.28072 -0.44751 0 0 -0
0.077394 -0.17419 0.30117 0 -0 0
-0.059964 -0.40405 0.17857 -0 0 0
-0.24239 0.24753 0.44601 -0 0 0
0.25195 0.24851 -0.40844 0 -0 -0
-0.27133 0.043299 0.40844 -0 0 0
-0.43581 -0.16187 0.009953 0 -0 0
0.26733 0.33233 0.1149 0 0 0
0.1712 0.052572 -0.18393 -0 -0 -0
0.21521 0.45754 -0.42251 -0 -0 0
0.14206 0.39283 0.35061 -0 -0 -0
-0.080952 -0.1435 -0.35547 0 0 0
-0.10924 0.046402 -0.12951 -0 -0 0
0.31614 -0.15332 0.12239 -0 -0 -0
-0.18257 0.1228 0.49755 0 0 -0
0.31454 0.29662 0.017344 0 0 -0
0.28907 0.24587 0.49051 -0 -0 -0
0.35226 -0.37446 -0.27347 0 0 -0
0.0056366 0.32239 -0.10199 -0 0 0
0.13566 -0.47485 0.19657 -0 -0 -0
0.45089 -0.085571 -0.43536 -0 0 0
-0.056036 0.23141 0.24766 -0 -0 0
-0.43998 0.28137 -0.0796 -0 0 0
0.36675 -0.13271 0.31132 0 -0 0
0.13119 0.24487 -0.12039 -0 -0 -0
-0.14493 0.39227 -0.18093 0 0 0
0.497 -0.2574 0.48605 0 -0 0
-0.27583 -0.3704 0.21818 0 0 0
0.15245 -0.27493 -0.086817 0 0 0
0.10499 -0.14999 -0.40137 0 -0 0
-0.11275 -0.21292 0.23456 -0 -0 0
-0.35781 0.42749 0.13731 0 0 -0
-0.47487 -0.44869 -0.42616 0 -0 -0
-0.078888 0.092667 -0.37949 -0 0 0
-0.3159 -0.3371 0.4816 0 -0 -0
0.22578 0.33841 -0.0032006 0 -0 0
-0.12964 -0.33244 -0.47759 0 -0 -0
0.34156 0.0022006 -0.44617 -0 0 0
0.23423 0.49933 -0.35913 0 -0 -0
0.071026 -0.14459 0.39347 0 -0 0
-0.32314 -0.45292 -0.03418 -0 0 -0
0.45738 -0.28634 0.060857 -0 0 0
-0.23468 -0.10216 -0.0055437 0 0 -0
0.42458 -0.16633 -0.43221 0 -0 -0
-0.27623 -0.2704 0.39765 -0 -0 0
-0.12644 0.43612 -0.21143 -0 0 -0
-0.4125 0.18319 -0.23095 -0 -0 -0
0.14012 0.46211 0.094194 0 -0 0
-0.31938 -0.062027 -0.024121 -0 0 -0
-0.45495 0.44034 -0.13169 0 0 0
0.22317 -0.49417 0.15561 -0 -0 0
-0.15256 0.11031 0.4382 0 0 0
0.16062 0.30108 0.12043 -0 -0 0
-0.11613 -0.26702 -0.21716 0 0 -0
0.12735 0.43247 -0.29482 -0 -0 -0
-0.47835 0.26326 -0.060866 0 -0 -0
0.41057 0.32645 -0.47275 0 0 0
0.30056 0.073464 0.37618 -0 -0 -0
0.24585 0.29258 0.11009 -0 -0 -0
0.31311 -0.17096 -0.29641 0 0 -0
-0.11669 -0.27654 0.019917 -0 -0 -0
0.11728 -0.18761 -0.44618 -0 -0 -0
0.075495 0.084523 0.36219 -0 0 -0
0.030052 0.32991 -0.057065 -0 -0 -0
-0.22493 -0.20954 0.048009 -0 -0 0
-0.25137 -0.097446 0.066861 0 -0 0
-0.048361 0.36206 0.18039 -0 -0 -0
-0.27229 0.11474 -0.12862 0 -0 -0
0.30445 0.49119 -0.42177 0 -0 -0
0.4861 -0.2963 -0.043649 -0 0 -0
-0.47001 0.32721 -0.45216 -0 0 -0
0.035664 0.17586 0.23826 0 -0 0
-0.41292 -0.25105 -0.462 -0 -0 0
0.30209 -0.024214 0.45424 0 0 -0
0.48914 -0.10092 0.24237 0 0 0
-0.43305 0.099438 0.43745 0 0 -0
0.4394 0.30052 0.013364 -0 0 -0
-0.48182 -0.39493 -0.2591 0 -0 -0
0.18384 0.32144 -0.24003 -0 0 0
0.28374 0.34109 0.25897 -0 -0 0
0.034138 -0.14549 0.49334 -0 -0 0
0.38536 -0.069931 -0.14329 0 -0 -0
0.399 0.072239 0.25286 0 0 -0
0.12594 0.20082 -0.38995 0 -0 -0
-0.36213 0.24247 0.097045 0 0 -0
-0.2822 0.25788 -0.069405 -0 0 0
-0.31786 -0.11087 0.23072 0 -0 -0
-0.45818 -0.070698 -0.23882 0 0 -0
-0.39306 0.45634 -0.40519 -0 0 0
0.11644 0.072971 -0.049037 -0 0 -0
0.43966 0.34972 0.14007 -0 -0 -0
-0.14554 -0.22365 -0.36796 0 -0 -0
-0.089371 0.12232 -0.047178 0 0 0
0.48435 0.088362 0.1522 -0 0 0
0.44558 0.46347 0.327 0 -0 -0
0.17664 -0.4141 -0.19192 0 0 0
0.4883 0.00049889 -0.097636 0 -0 0
0.26683 0.02159 0.38423 -0 0 -0
-0.1633 -0.40983 0.20058 -0 -0 0
0.16238 0.40467 -0.25813 -0 0 0
-0.25583 0.38439 0.25983 0 0 -0
-0.20449 -0.06101 -0.20907 0 -0 0
0.18018 0.28172 -0.22256 -0 -0 -0
0.027847 -0.35153 -0.49389 -0 -0 -0
-0.088406 0.11982 -0.12529 -0 0 0
0.10264 -0.23938 -0.063067 -0 0 -0
0.25052 -0.054344 -0.1957 0 0 0
0.083533 0.344 -0.20914 0 0 0
0.051793 -0.3038 -0.25748 -0 -0 0
0.083571 -0.19615 0.43668 0 0 0
0.01182 -0.016705 0.36019 0 0 -0
-0.41741 -0.16219 -0.10277 0 -0 0
0.21957 0.29849 -0.020581 -0 0 0
0.49616 0.48749 0.064996 0 -0 -0
-0.14547 -0.34095 -0.010381 -0 -0 -0
0.47126 -0.26312 -0.23019 0 -0 -0
-0.15355 0.20224 0.48974 -0 0 -0
0.38654 -0.12453 -0.31632 0 0 -0
-0.045305 0.4737 0.36166 0 0 0
-0.086573 0.47231 -0.46737 -0 -0 0
-0.28227 0.1437 -0.16804 0 -0 -0
-0.37435 0.3601 0.24875 -0 -0 0
-0.19109 -0.098117 0.14437 -0 -0 -0
0.2261 0.13193 -0.33076 -0 0 -0
0.28287 0.48524 0.45221 0 -0 0
0.19379 0.059477 0.04327 0 -0 -0
-0.4902 0.43359 -0.24859 -0 0 -0
0.34321 0.22034 0.078572 -0 -0 -0
0.42233 -0.015961 0.41548 -0 -0 -0
0.27095 0.13903 0.3956 0 0 0
-0.45734 0.38764 -0.017493 0 0 -0
-0.12181 -0.30126 -0.05726 -0 0 0
0.20434 -0.10463 -0.18825 0 0 0
0.22951 0.49218 -0.44469 -0 0 -0
-0.27572 -0.097648 0.25379 -0 0 -0
-0.23095 0.15886 -0.36805 0 -0 0
0.17303 0.40135 -0.14408 0 -0 -0
-0.022508 0.49538 -0.10413 0 0 0
0.12372 0.15316 0.38552 -0 0 0
-0.26356 -0.39156 -0.47876 -0 0 -0
-0.32288 -0.46389 0.34408 -0 0 0
0.32964 0.11809 -0.21193 -0 -0 -0
0.26692 0.067144 -0.24966 -0 -0 0
0.43448 0.46196 -0.01162 0 -0 -0
-0.39211 0.24611 0.22904 0 -0 0
-0.31777 0.16252 -0.29738 -0 0 -0
-0.4009 0.023313 -0.28372 0 -0 0
-0.010236 -0.24011 0.47633 0 0 0
-0.30675 0.46199 0.093236 0 0 0
0.39589 0.040204 -0.1956 -0 0 0
-0.40091 -0.46973 0.4677 -0 -0 0
-0.45583 0.19631 0.39597 -0 0 -0
0.057295 0.019716 -0.30997 -0 -0 -0
0.2725 -0.44097 -0.4982 0 -0 -0
-0.18806 0.39004 0.21176 -0 0 0
-0.32102 -0.1698 0.36773 0 0 -0
-0.16104 -0.2703 -0.38169 0 -0 -0
-0.28985 -0.38605 -0.46098 0 0 0
0.010153 -0.18908 0.098195 -0 -0 0
0.40636 -0.27157 0.10431 -0 0 -0
0.12892 0.152 0.016432 0 -0 0
-0.39847 -0.43384 -0.49249 -0 -0 -0
-0.10915 -0.22457 0.18893 0 -0 -0
-0.44538 -0.21818 0.44602 -0 0 -0
0.0012829 0.38007 0.37354 0 0 -0
-0.068279 -0.05567 -0.38672 0 0 -0
0.49756 0.25591 -0.14543 -0 0 -0
0.3116 0.1033 -0.25806 -0 0 -0
-0.014348 0.28327 0.060333 -0 -0 0
0.39445 -0.38607 0.11273 -0 0 0
-0.36245 0.47856 -0.19919 0 -0 -0
-0.11 0.3486 0.29814 0 0 0
0.42736 -0.44935 0.29564 -0 -0 0
0.41749 -0.033798 0.28109 -0 0 0
0.21357 -0.17435 -0.1489 -0 0 0
0.11834 0.13021 -0.4457 0 -0 0
-0.15671 -0.2697 0.2087 0 0 -0
0.43603 0.079885 0.49293 0 -0 0
-0.37523 0.10316 -0.33752 0 -0 0
0.23059 0.099879 -0.38643 0 0 -0
0.14648 -0.051572 0.41288 -0 0 -0
0.33315 -0.46458 -0.018343 0 0 0
-0.10172 0.013815 0.35181 -0 -0 -0
0.24982 -0.09227 0.30991 -0 -0 -0
0.33522 -0.39195 -0.31324 0 -0 0
-0.17754 -0.040124 -0.2528 -0 -0 -0
0.052262 -0.049117 -0.44581 0 0 -0
0.47913 0.05114 0.10896 -0 0 -0
0.049309 0.3054 0.27723 -0 -0 -0
-0.16958 0.20085 0.011064 0 0 0
0.11947 0.37224 -0.47225 -0 0 -0
-0.13936 -0.44781 0.49039 0 0 0
0.25651 -0.28032 0.00093992 -0 0 0
-0.086099 -0.040358 -0.168 0 0 -0
-0.0076549 0.45853 -0.32612 0 -0 0
0.19474 0.29005 0.12564 -0 -0 -0
0.47273 -0.048125 0.075135 -0 0 0
-0.17225 -0.16657 0.25099 -0 -0 -0
0.3378 -0.4409 -0.34648 0 0 0
0.23907 0.24091 -0.14321 -0 0 0
0.45417 0.0067945 -0.35605 -0 -0 -0
-0.46808 -0.30007 0.35061 -0 0 -0
-0.14313 -0.072806 -0.16213 0 -0 0
0.16265 -0.33131 -0.2248 -0 -0 0
-0.2185 0.25169 -0.49399 0 0 0
-0.26962 -0.13165 0.30191 -0 -0 0
0.21113 0.44182 -0.0025917 -0 -0 -0
0.12457 -0.48283 0.037843 0 -0 0
0.090609 0.32906 0.37091 -0 -0 -0
0.16044 0.12659 0.22284 0 0 0
-0.45245 0.038747 0.16809 -0 0 -0
-0.15122 0.15051 -0.32117 -0 -0 0
-0.048659 0.22663 0.050495 0 0 0
-0.2591 -0.40551 0.45988 0 0 0
0.21505 0.37757 0.096022 0 0 0
0.35618 -0.48564 0.30857 -0 0 -0
-0.21849 -0.2057 0.48453 -0 -0 0
0.23105 -0.32009 0.38592 0 0 0
-0.36224 0.42629 -0.28616 0 0 0
0.33672 -0.43182 -0.46537 -0 0 -0
-0.3614 0.081093 -0.048876 -0 0 0
0.088209 0.13715 -0.48621 0 0 -0
-0.13384 0.15127 -0.026289 0 0 -0
0.30676 0.36462 0.4512 0 -0 0
0.0037808 -0.44405 -0.25105 -0 -0 0
-0.010406 0.31686 -0.11358 -0 -0 0
0.37705 0.028922 -0.068567 0 -0 0
-0.14686 0.19435 0.33089 -0 -0 0
-0.050556 -0.2876 0.32465 0 0 0
0.46353 0.04328 -0.047001 -0 0 0
-0.4577 0.20252 -0.11944 -0 0 0
0.47296 0.45643 0.42587 0 0 0
-0.31079 -0.055458 0.24084 -0 -0 -0
0.16712 -0.4146 0.23763 0 -0 -0
0.08644 -0.44266 0.44692 0 -0 -0
0.17511 0.12945 0.0101 -0 -0 0
-0.13898 0.29618 0.29188 -0 -0 0
0.12028 0.19119 -0.047826 -0 -0 -0
0.31115 -0.15469 0.3492 -0 -0 -0
-0.48074 0.44682 -0.10957 0 -0 -0
-0.41613 0.02019 0.23838 0 -0 -0
0.4748 0.45381 0.47644 -0 -0 0
0.15135 -0.4264 0.023299 -0 0 0
-0.26876 -0.29297 -0.070085 -0 -0 0
-0.096509 0.27503 -0.29284 0 0 0
-0.37798 0.41419 -0.1766 0 -0 0
-0.23156 0.28255 -0.38913 0 -0 -0
-0.24215 -0.20447 -0.12479 0 0 -0
-0.16833 -0.34815 -0.1701 0 0 -0
-0.34777 0.34791 -0.15789 -0 0 0
-0.15199 0.28485 0.31712 0 0 0
-0.37834 -0.22917 0.031685 -0 0 -0
0.38415 -0.27219 0.021122 -0 0 -0
-0.40572 -0.17898 0.27431 -0 0 -0
0.43004 0.32956 -0.37974 -0 -0 0
-0.10098 0.32218 0.12545 -0 -0 0
-0.4526 0.070683 -0.15335 0 0 0
-0.15763 0.07183 -0.16538 0 -0 -0
0.23597 -0.21398 0.074617 -0 0 0
0.29468 0.19913 0.36394 -0 -0 0
0.044906 0.29626 -0.30144 -0 -0 -0
0.18622 -0.058411 0.17245 -0 -0 0
0.39363 -0.053784 0.40183 -0 0 0
-0.44521 -0.034338 -0.30084 -0 0 -0
-0.19634 -0.22096 -0.20172 0 0 -0
-0.45381 0.17538 -0.0034797 -0 0 -0
-0.30452 0.40366 0.3899 -0 0 0
0.22017 0.40853 0.0014146 -0 0 -0
0.22175 0.2472 -0.223 0 0 0
0.3778 -0.23949 0.033958 0 -0 -0
0.082433 0.18964 0.07425 0 -0 -0
-0.42932 -0.36817 -0.087196 0 -0 0
0.42274 -0.3765 -0.48524 0 0 0
0.30037 -0.3091 0.20276 0 0 0
-0.21405 -0.35427 0.0067472 -0 -0 0
0.043663 0.085044 -0.11873 0 0 0
0.48478 -0.42664 -0.43507 0 -0 0
0.21568 0.32233 -0.14142 -0 -0 -0
0.33897 0.2229 -0.26575 0 0 0
-0.066739 0.42586 -0.2965 -0 0 -0
-0.029375 -0.0073614 0.31378 -0 0 -0
0.060713 0.15488 -0.10657 -0 0 -0
-0.23091 0.39012 -0.44642 -0 0 0
0.24902 0.038526 -0.12495 0 0 0
0.0038878 -0.21779 0.27499 0 -0 0
0.14681 0.47596 -0.3347 -0 -0 0
-0.19225 -0.46357 0.41222 -0 0 0
-0.36128 -0.17376 -0.18079 -0 -0 0
-0.024427 0.47301 -0.17022 0 -0 0
-0.13754 -0.13497 -0.29576 0 -0 0
0.28811 -0.19085 0.26721 -0 0 -0
0.2803 -0.37909 -0.43003 -0 0 0
0.16851 0.41577 0.45003 0 0 -0
-0.3665 -0.36452 -0.34179 0 0 0
-0.47844 -0.16788 -0.21355 0 0 0
0.059841 0.39748 0.18713 -0 0 -0
-0.19918 -0.00035122 -0.35885 0 -0 0
0.43941 0.11529 0.012087 0 0 0
0.4809 0.083133 0.22133 -0 -0 0
-0.21338 0.19825 0.42885 -0 -0 -0
0.30082 -0.47067 0.2321 0 -0 0
0.39611 0.027883 0.24985 -0 0 0
0.097527 -0.46793 -0.09268 -0 0 0
0.38402 0.32714 -0.26051 0 0 -0
0.44373 -0.16001 0.02085 0 -0 -0
0.049158 0.34671 -0.28092 0 0 -0
0.22839 -0.25393 0.34239 0 0 -0
0.076758 0.081491 0.16293 0 -0 -0
-0.47414 0.43768 0.31624 -0 -0 -0
-0.053469 -0.45221 0.29388 -0 0 0
0.1463 -0.44602 -0.030895 -0 0 -0
0.021203 -0.47938 -0.19048 -0 -0 0
-0.12769 0.18148 0.18758 0 -0 -0
0.43713 0.098629 0.48685 -0 -0 0
0.32953 -0.38597 0.26993 -0 0 0
0.34909 0.29625 0.32958 -0 -0 0
-0.12747 0.11785 0.20608 0 0 0
0.093185 -0.42979 0.095336 0 0 0
0.37255 -0.43072 0.25287 0 -0 -0
0.4335 -0.36399 -0.0032778 0 0 0
0.16846 0.28889 0.36513 0 0 -0
-0.29322 -0.4076 -0.43197 0 0 0
0.15385 -0.26213 0.46855 -0 0 0
-0.42795 -0.25635 -0.40124 0 -0 -0
-0.093273 -0.39518 0.046977 0 -0 -0
0.16693 0.35835 -0.09703 -0 -0 -0
0.43373 0.1982 -0.39296 -0 -0 0
0.31095 0.23374 0.22417 0 -0 0
-0.015452 0.15053 0.11368 0 -0 0
0.25675 0.016271 0.28297 -0 0 -0
-0.082953 -0.17361 0.066621 0 -0 -0
0.47179 0.16178 0.31132 0 0 -0
0.48797 -0.38243 0.076776 -0 0 -0
0.36415 -0.35218 0.44403 -0 -0 -0
-0.11112 -0.48024 0.37145 -0 -0 -0
-0.045258 0.46429 0.0076022 -0 -0 0
-0.25331 0.47037 0.28882 -0 0 -0
0.28442 -0.37614 -0.026969 -0 -0 0
0.38284 -0.03259 0.3288 -0 0 0
0.41371 0.15669 -0.17752 0 -0 -0
0.058285 -0.20981 0.47615 -0 -0 -0
0.098868 0.25454 -0.22179 -0 0 0
-0.35112 0.058118 -0.42717 -0 0 0
0.39971 -0.072207 0.25122 -0 0 -0
-0.049606 -0.23281 0.33119 -0 -0 0
-0.29433 0.25374 0.42234 -0 -0 0
0.39965 0.39838 -0.17298 0 0 0
0.26259 0.22844 0.30407 -0 0 0
0.38249 -0.09317 0.03825 0 -0 -0
-0.21505 0.43832 -0.036705 -0 -0 0
0.17323 -0.24457 0.32075 -0 -0 0
0.16428 0.033163 0.45191 0 0 -0
-0.37719 0.45475 -0.42373 -0 -0 -0
-0.092682 -0.23225 0.20867 -0 -0 0
-0.22471 -0.24992 -0.26507 0 -0 0
0.21667 0.42767 -0.1011 -0 -0 0
-0.21662 -0.43142 -0.23188 0 -0 0
0.3962 -0.2006 0.33251 0 -0 0
0.32658 0.091584 0.49537 0 -0 -0
-0.10997 -0.2967 0.14975 0 -0 -0
-0.0020971 0.13588 0.20395 0 0 -0
0.19481 0.29837 0.4323 0 -0 -0
0.33437 0.0017011 0.18765 0 0 0
0.10963 0.15081 0.068354 0 -0 0
0.074737 0.29595 -0.11915 -0 -0 -0
-0.17396 -0.26663 0.13458 0 0 -0
-0.043575 0.10084 -0.13677 0 0 -0
0.2138 -0.38754 -0.092381 -0 -0 0
0.38441 0.015766 -0.1313 0 -0 -0
0.22086 0.33784 -0.031601 -0 -0 0
-0.48139 0.42079 0.0034138 0 0 -0
0.17478 -0.0017721 0.41054 0 0 0
-0.061491 -0.22239 -0.29357 0 0 0
-0.06218 0.15252 -0.1614 0 -0 -0
-0.38296 0.4173 0.074126 0 0 -0
0.31468 0.0098395 -0.013068 -0 0 -0
-0.17514 0.47419 -0.23778 0 -0 -0
-0.25377 -0.30272 0.079593 -0 0 -0
-0.15729 -0.38882 0.37833 0 -0 -0
-0.12431 -0.20265 -0.43905 0 0 0
0.046554 -0.10358 -0.059124 0 0 -0
0.06192 -0.079244 -0.41574 -0 0 0
-0.10418 -0.18852 0.063238 0 -0 0
-0.10187 0.19384 0.039311 -0 0 0
0.015367 -0.40813 0.26806 0 -0 0
0.15753 -0.097911 -0.26691 -0 0 0
0.45092 -0.20482 0.087362 0 0 0
0.22235 -0.1935 -0.041026 0 0 0
-0.09992 -0.39444 0.36098 0 -0 -0
0.33187 0.093828 0.16084 -0 -0 0
-0.36566 -0.21727 -0.14612 -0 -0 0
-0.43953 -0.34478 -0.15281 0 0 0
-0.41575 -0.49934 -0.24628 0 0 0
-0.3361 -0.2164 0.45253 0 -0 -0
-0.17578 0.050811 -0.2018 0 0 0
-0.19827 0.3709 -0.34159 -0 -0 0
-0.48832 -0.45775 -0.1387 0 -0 0
0.039905 0.40472 0.24163 -0 -0 0
-0.40463 -0.36903 0.2059 0 0 -0
-0.35349 0.33373 0.20089 0 0 0
0.13114 0.30047 -0.49377 -0 0 0
0.35932 0.41788 -0.12565 0 -0 -0
0.47422 -0.3627 0.4015 -0 -0 0
0.070838 0.0047323 -0.18166 0 -0 -0
0.49685 -0.095042 0.097083 -0 -0 -0
0.053542 -0.32643 -0.2022 -0 0 0
0.015458 0.075184 -0.37499 -0 -0 0
-0.16932 0.10622 -0.11164 -0 -0 -0
-0.069998 -0.28555 0.31769 0 0 0
-0.0081937 0.019932 0.48118 -0 -0 -0
-0.42896 0.48919 0.36199 -0 0 -0
0.38774 -0.010085 -0.41618 -0 0 -0
-0.43537 0.19487 -0.16229 -0 0 -0
-0.063815 -0.088578 -0.26387 -0 -0 -0
0.32663 -0.46522 -0.18219 0 0 -0
-0.10547 -0.20717 0.48445 0 0 -0
0.11347 0.30144 0.048251 -0 0 -0
0.31864 -0.1535 0.24925 -0 -0 0
0.38624 -0.41668 0.34185 -0 0 0
0.43111 0.011106 -0.33311 -0 -0 -0
-0.30922 -0.13317 0.4031 -0 0 -0
-0.24142 0.23948 -0.39488 0 0 -0
0.39787 0.02474 0.24509 -0 -0 -0
0.093362 0.30452 0.22937 -0 0 0
0.0038401 0.31691 0.21747 0 -0 -0
0.11281 -0.31053 -0.36657 0 0 0
0.31942 -0.37631 -0.054211 -0 -0 -0
0.031889 0.321 0.0087872 0 0 0
-0.29792 0.1379 0.03049 -0 0 0
-0.046107 -0.48388 0.35972 -0 0 0
-0.072089 0.39595 0.17772 0 -0 0
0.46605 0.015375 0.30584 0 -0 0
0.12006 0.044522 0.031243 0 0 0
0.19539 0.10644 0.4559 -0 0 -0
0.22016 0.26044 -0.43332 -0 -0 0
-0.1531 0.35535 0.041518 0 -0 -0
0.01699 -0.11713 -0.21834 -0 0 -0
0.056695 -0.41535 -0.0191 -0 0 -0
-0.3435 0.23387 0.18486 0 -0 -0
0.062056 -0.16801 -0.29174 -0 0 -0
0.1948 0.33975 0.10816 0 0 -0
-0.073544 -0.12828 -0.17382 -0 0 -0
0.33627 0.32822 0.38085 -0 -0 -0
0.23139 -0.32348 -0.36661 -0 -0 0
-0.13997 -0.37048 -0.39759 -0 -0 0
-0.045788 0.37988 0.45912 0 0 0
-0.11361 -0.45592 -0.3471 0 -0 -0
0.27555 0.18672 -0.34746 -0 0 0
0.23427 0.23377 -0.34445 -0 -0 0
-0.069722 -0.062828 -0.41043 -0 -0 0
0.19375 -0.12016 -0.045575 -0 0 -0
0.44521 0.47966 0.1689 0 0 0
0.28423 -0.10101 0.3313 -0 0 -0
0.20557 -0.059813 0.29024 0 -0 0
-0.39067 -0.34319 0.21271 0 -0 0
-0.11007 -0.17397 -0.027402 0 -0 0
0.090905 -0.18594 0.20859 -0 0 -0
-0.04062 0.3945 0.45806 -0 0 0
-0.44966 -0.25298 0.0057756 0 0 0
-0.27131 -0.18932 -0.19495 -0 0 0
0.33419 -0.091131 0.28981 -0 0 -0
-0.48436 0.20801 -0.26361 0 0 -0
0.36371 -0.35636 -0.2657 0 -0 -0
-0.42193 0.37132 -0.035301 -0 -0 -0
0.16904 -0.41684 0.11939 -0 0 -0
0.00021132 -0.038262 0.11533 -0 0 -0
-0.28201 -0.46961 -0.37738 0 -0 0
0.071616 0.2532 -0.37621 0 -0 0
-0.37781 0.20004 -0.21554 -0 -0 -0
0.17117 -0.28549 0.23573 0 -0 0
0.099586 0.1799 -0.088692 0 -0 0
-0.44402 0.057293 0.32898 -0 0 0
-0.44366 0.35068 0.43511 0 -0 -0
-0.3475 0.058565 -0.10093 -0 -0 0
-0.48038 0.40177 -0.44779 0 0 -0
-0.064824 -0.080482 0.071186 0 -0 0
0.33222 -0.14187 0.24767 -0 -0 0
0.11739 -0.011012 -0.17976 -0 -0 -0
0.020129 -0.24404 -0.0070657 0 -0 0
0.36387 0.42917 -0.27835 0 -0 0
-0.4023 -0.033243 0.43927 0 0 -0
0.40805 -0.24599 -0.017695 0 -0 -0
-0.39198 -0.068782 0.039996 0 0 -0
0.016997 0.20253 -0.27894 0 0 -0
-0.35684 -0.09767 -0.40405 -0 0 -0
0.059371 -0.31816 -0.43983 -0 0 0
-0.49542 0.35625 0.31951 -0 0 -0
0.26668 0.084201 0.27148 0 0 0
0.34871 -0.12642 -0.3043 0 -0 -0
0.41682 -0.27831 0.39512 -0 0 0
0.48697 -0.28101 0.1843 0 -0 0
0.0051331 0.022232 0.15685 -0 -0 0
-0.22858 -0.066577 0.49038 0 -0 -0
-0.39925 0.2413 -0.46631 -0 -0 -0
0.0078488 -0.42955 -0.075747 0 -0 -0
0.085609 0.34733 -0.010016 0 0 -0
0.26289 0.17988 0.083504 0 -0 -0
-0.41704 -0.36335 -0.41673 -0 0 -0
0.1616 0.3584 0.16015 -0 0 -0
0.016979 -0.30017 -0.44769 0 0 -0
-0.32895 0.10734 0.056831 -0 -0 -0
0.43856 0.043045 0.21203 -0 -0 0
0.090483 -0.33768 -0.012089 -0 -0 -0
-0.059365 -0.49435 0.1176 0 0 -0
0.44192 0.27149 -0.28622 -0 -0 0
0.15591 0.26479 0.14566 0 -0 0
-0.048054 -0.078931 -0.11936 -0 -0 -0
0.3397 -0.44319 -0.39629 -0 0 -0
0.032624 0.085747 -0.12249 0 0 -0
0.053887 -0.32584 -0.23714 0 0 -0
0.18007 0.22861 -0.25871 -0 -0 -0
-0.13281 0.034291 0.12292 -0 0 -0
-0.26071 -0.24694 0.022928 -0 -0 -0
0.078923 0.41706 -0.086762 0 -0 0
0.36689 0.25819 -0.28221 -0 0 0
-0.093223 0.38703 0.35855 0 -0 0
-0.38738 -0.4312 0.36101 -0 0 -0
-0.056154 -0.31647 -0.21606 0 0 -0
-0.19982 0.23707 0.11539 -0 -0 -0
-0.098613 0.19671 0.27949 -0 -0 -0
0.33336 0.27699 0.45485 -0 -0 -0
-0.096371 0.0019034 0.4196 0 -0 0
-0.10982 -0.074503 -0.11518 0 0 -0
-0.13955 0.11124 -0.33736 0 -0 -0
-0.35974 0.35577 0.29675 0 0 0
-0.23987 0.1708 -0.38618 0 -0 -0
-0.41318 0.023592 -0.34118 0 0 -0
-0.070603 -0.20118 -0.14417 0 -0 -0
-0.24272 0.20397 0.34776 0 -0 -0
-0.20244 -0.11839 0.082781 -0 -0 0
-0.075142 0.067685 0.086178 -0 -0 0
-0.38079 0.38786 0.42584 0 -0 -0
-0.0049331 0.34295 0.075078 0 0 0
0.20641 0.3988 -0.49002 -0 -0 -0
-0.25643 0.439 0.30938 0 -0 0
0.28507 0.31544 0.10881 -0 0 0
-0.42591 -0.49864 -0.020086 -0 -0 -0
-0.10612 -0.49691 -0.23156 -0 -0 -0
-0.49661 -0.41253 -0.2419 -0 -0 0
-0.27932 -0.23927 -0.01899 0 -0 -0
-0.4987 -0.4772 -0.27266 -0 0 -0
-0.31082 -0.075915 -0.4514 0 -0 -0
-0.35752 -0.15894 -0.33076 -0 0 -0
-0.23192 0.041354 -0.24155 0 0 0
-0.32511 0.42617 -0.30209 -0 -0 0
-0.36135 -0.2015 0.10569 0 -0 0
0.098886 -0.16192 0.3237 0 0 -0
0.40106 0.35948 0.31061 0 -0 0
0.43938 -0.15952 0.30224 0 -0 0
-0.27882 -0.36188 0.20811 0 -0 -0
-0.017329 0.007799 0.35938 0 0 -0
-0.12399 0.35666 0.28108 -0 0 0
0.02378 -0.11569 -0.2962 -0 -0 0
-0.23513 0.19569 0.49334 0 0 -0
-0.43164 0.1279 -0.40638 -0 -0 0
-0.063673 -0.049612 0.15062 -0 -0 -0
-0.32615 -0.026382 -0.28482 -0 0 0
-0.47389 0.44971 -0.25613 0 -0 0
0.45468 -0.4165 -0.16031 -0 -0 -0
-0.069403 -0.22017 -0.30214 0 -0 0
0.46156 -0.052993 0.0068334 0 0 -0
0.26241 0.087571 0.45076 0 -0 -0
-0.49265 0.37763 -0.10539 -0 0 0
0.18004 -0.030899 0.084465 -0 -0 0
0.20595 -0.062582 0.10654 0 -0 0
0.14513 0.24618 0.21464 -0 0 0
0.05231 -0.03209 -0.098464 -0 -0 -0
-0.28189 0.36083 0.35869 -0 0 -0
0.27237 -0.033488 0.42048 -0 0 -0
-0.27197 -0.0018955 0.25084 0 0 -0
-0.12914 -0.012569 -0.21441 0 0 0
0.39093 -0.27053 0.29682 -0 -0 0
0.35638 -0.41445 -0.35723 -0 -0 -0
-0.097566 -0.43262 0.0045502 -0 -0 -0
-0.18198 0.38839 0.11069 0 0 -0
0.10864 -0.26683 0.2038 0 -0 0
0.4102 0.3616 -0.11666 -0 0 -0
0.4091 0.21174 0.22868 -0 -0 0
0.091594 0.37281 0.38728 0 -0 -0
-0.16743 0.438 -0.44415 0 0 0
0.35306 -0.36031 -0.36178 0 0 0
-0.057602 -0.1061 0.36306 -0 0 0
0.40436 0.48056 -0.078254 -0 -0 -0
-0.46682 0.14479 -0.088686 0 -0 -0
0.032426 0.39641 0.45914 -0 -0 0
0.2165 -0.01777 0.25025 -0 0 0
-0.3207 -0.48591 0.481 -0 0 -0
-0.16347 0.12288 -0.26648 0 0 0
-0.31229 -0.2689 -0.40377 0 0 0
-0.17807 0.027434 -0.11542 0 0 0
-0.096143 0.22499 0.00027255 -0 -0 0
0.048566 0.10742 0.070256 -0 0 0
-0.45126 0.088366 0.47663 -0 0 -0
0.052732 -0.066565 -0.0071448 -0 0 -0
-0.22519 -0.25583 -0.099117 -0 0 0
-0.2585 -0.07104 0.49499 0 -0 -0
-0.25685 -0.48982 -0.239 0 0 -0
-0.34584 0.10882 0.16532 0 -0 0
0.45642 0.45798 0.46426 0 0 -0
0.43566 -0.40455 0.17115 0 0 0
0.31871 -0.46441 -0.20083 0 -0 -0
0.22826 0.38624 0.031127 0 0 0
-0.32419 -0.25306 -0.49854 0 -0 0
-0.13963 -0.49108 0.38379 -0 0 -0
-0.31121 0.31492 -0.095616 -0 0 -0
-0.4988 -0.3595 -0.19879 -0 0 0
-0.18358 0.37987 0.45058 -0 -0 -0
0.19962 -0.40462 -0.039352 -0 -0 0
0.12526 -0.14744 -0.21235 0 0 0
0.043062 0.093421 -0.41537 0 0 -0
-0.060963 0.085182 0.082181 -0 -0 0
-0.21257 0.16768 -0.34693 -0 0 0
0.0016591 0.14803 -0.42691 0 -0 0
0.26155 -0.066631 0.080565 -0 0 0
0.26241 -0.36024 -0.21299 -0 0 0
0.076056 0.25193 -0.13808 -0 -0 -0
0.24766 -0.25821 0.22482 -0 -0 0
0.14553 0.15046 0.35831 0 0 0
-0.37678 0.35737 -0.15208 0 -0 0
0.0043979 -0.41563 0.46175 -0 -0 0
-0.15274 0.47209 0.45357 0 -0 0
-0.40785 -0.46854 -0.29396 0 -0 0
-0.35215 0.3354 0.26824 -0 0 -0
-0.30183 0.33571 0.11553 0 -0 0
0.17227 -0.45014 0.41892 -0 0 -0
-0.068489 0.045886 0.10254 -0 -0 -0
0.1944 0.44317 0.20214 -0 -0 -0
-0.24322 -0.17853 0.24367 0 -0 -0
-0.49024 0.30647 -0.1149 0 -0 0
0.032283 0.1014 -0.2485 0 0 -0
-0.22061 0.28962 -0.46324 0 -0 0
0.44623 0.29919 -0.027877 0 0 0
0.40644 -0.45044 0.14507 -0 -0 0
-0.10732 -0.2168 -0.22103 -0 -0 0
-0.47514 0.15346 0.017861 -0 0 -0
0.17144 -0.010345 -0.25433 -0 -0 -0
0.33717 0.47285 -0.20249 0 0 0
0.4715 0.24849 0.15047 -0 0 -0
-0.44307 0.067841 0.39139 0 -0 -0
-0.049676 -0.20104 0.36111 -0 -0 -0
0.08247 -0.24389 -0.29008 -0 -0 0
0.18664 0.38656 -0.10091 0 0 -0
0.21943 -0.053199 0.38788 -0 -0 0
0.15004 0.31599 -0.24347 0 -0 -0
0.22691 -0.40166 0.4668 -0 0 -0
-0.12615 0.35959 0.11916 0 0 -0
0.081582 -0.47237 -0.33465 -0 -0 -0
-0.38388 0.39916 0.3262 0 0 0
-0.44235 0.39994 0.15569 -0 -0 0
0.47977 0.024106 0.046453 0 0 -0
-0.21518 -0.3798 -0.24867 -0 0 0
0.094974 -0.32221 -0.45984 -0 0 -0
0.46216 0.20611 -0.26662 -0 -0 -0
-0.31422 0.33136 -0.13889 0 -0 0
