100
0.41892 0.34483 0.13057 0.18117 -0.036469 0.19252
0.10254 0.31653 0.48546 0.1982 0.22769 0.1699
0.20214 0.34623 0.13428 -0.15549 0.11212 -0.19092
0.24367 -0.12981 0.10046 0.08036 0.040446 -0.044793
-0.1149 -0.11677 0.40919 0.22062 0.020129 -0.18989
-0.2485 0.36133 0.070837 0.23785 0.10272 0.036046
-0.46324 -0.036091 -0.16458 -0.19603 -0.24749 0.2247
-0.027877 0.070548 0.45714 -0.16055 0.14126 -0.12181
0.14507 0.19531 -0.060077 0.12328 0.21343 0.24493
-0.22103 0.46092 0.10154 -0.22527 -0.24585 -0.075096
0.017861 0.046313 0.22026 -0.21436 0.16231 -0.14574
-0.25433 0.13658 0.17878 -0.0054372 0.13367 0.082914
-0.20249 0.070892 -0.28724 0.17495 0.24857 0.23667
0.15047 0.42711 -0.41838 0.24852 -0.13617 0.06135
0.39139 0.36377 -0.22552 -0.2478 0.20977 -0.21823
0.36111 -0.33016 0.36752 0.021304 0.071 -0.063245
-0.29008 -0.3213 0.059357 0.18067 -0.19734 -0.16687
-0.10091 -0.2565 -0.035372 0.20457 -0.11592 -0.13436
0.38788 0.25178 -0.069699 0.17268 0.13192 -0.2239
-0.24347 -0.30087 0.27399 0.18944 0.15276 0.20088
0.4668 0.48294 0.15392 0.12309 -0.19787 0.14665
0.11916 0.20964 0.15773 -0.19126 -0.015121 -0.063493
-0.33465 -0.32456 -0.33898 0.0045111 -0.14047 0.16603
0.3262 0.3583 -0.067623 -0.16558 0.21135 0.12692
0.15569 0.40941 0.0050861 0.16556 -0.089839 0.060932
0.046453 0.46166 -0.12467 0.21401 0.17877 -0.052953
-0.24867 0.0706 -0.019628 -0.16526 -0.12008 -0.070361
-0.45984 0.062879 -0.15758 0.19187 0.18903 -0.20557
-0.26662 -0.32334 0.27715 -0.056069 -0.15587 -0.079161
-0.13889 0.013679 -0.11606 -0.058715 0.1296 0.024335
0.13346 0.048472 0.21156 -0.11427 -0.23416 -0.019726
0.4861 -0.33472 -0.019067 0.18394 0.07117 0.072726
-0.29284 -0.006107 0.22918 0.12075 0.033435 0.0067604
0.25708 0.035117 0.43756 -0.026064 -0.061795 0.15721
0.38633 -0.30119 0.017254 0.10482 -0.14373 -0.20141
-0.02777 0.12317 0.40307 0.22217 0.14608 -0.018143
-0.34109 -0.47368 -0.28181 -0.16294 -0.17728 0.044909
0.31092 -0.18121 0.37322 -0.1277 -0.0054288 -0.15641
-0.023492 0.033 -0.41731 0.070465 -0.24358 0.055665
-0.38371 -0.17323 -0.034597 0.15431 -0.15669 -0.22403
0.37572 0.10219 -0.47807 0.17669 -0.0073848 0.037863
0.13519 -0.13807 0.30828 -0.050941 0.16911 0.17117
-0.40272 -0.36508 -0.32079 -0.19225 -0.17947 -0.00013701
0.40844 0.41381 -0.33461 -0.20986 0.11611 -0.030488
-0.46498 0.14056 -0.3184 -0.069766 0.095533 -0.17547
-0.46025 0.15877 0.19144 0.16445 -0.23275 -0.23586
0.48857 0.17533 -0.28624 -0.1427 -0.0055714 0.12833
0.18618 0.24456 -0.2019 0.14552 0.2357 0.14805
-0.12331 0.34218 0.26834 0.077344 -0.19377 -0.10322
0.0043243 0.016657 0.0011501 -0.23693 0.12161 -0.1924
0.2635 -0.34813 0.40946 0.14289 0.069271 -0.062454
-0.45113 -0.11934 -0.44215 0.21128 0.047091 0.16445
0.22593 0.32102 -0.063248 -0.0038434 -0.00068874 0.17089
0.20133 -0.32864 0.072255 0.16701 0.033926 0.082619
-0.041109 -0.17002 0.065067 -0.18432 -0.036748 0.23007
0.082295 0.46647 0.32382 0.12989 -0.21188 0.22156
-0.16091 0.30629 -0.3739 0.21287 -0.10471 -0.19365
-0.32937 -0.27781 -0.19988 0.16635 0.030668 0.074144
-0.10081 0.49977 -0.49788 -0.1203 0.066667 -0.009598
0.41978 -0.43626 0.45111 -0.14349 0.21539 -0.21674
-0.27395 -0.074517 0.2663 0.011157 0.23888 0.19889
-0.13899 -0.095662 0.2513 -0.051321 -0.2032 -0.0013849
-0.17544 -0.099707 -0.36114 -0.010445 0.080867 0.13565
-0.41642 -0.38808 -0.15068 0.24695 0.051386 -0.21982
0.012666 -0.075689 -0.34866 0.052239 -0.013091 -0.11877
0.33286 0.11355 -0.0032793 0.22245 -0.071872 0.075535
0.40461 0.48806 0.30865 -0.0047789 -0.012211 -0.1832
0.2236 -0.2801 0.13287 -0.031027 0.085511 0.069273
-0.117 -0.14592 0.1884 0.13633 0.22982 -0.057528
-0.20198 -0.23376 0.13957 0.12203 -0.20546 0.13285
0.19171 -0.2085 0.22932 -0.028548 0.14887 0.076458
0.38046 -0.31161 0.35985 -0.2235 0.045388 -0.059255
0.42455 -0.47714 0.12696 -0.20609 0.2061 -0.099991
-0.41875 -0.050596 -0.31941 0.14899 -0.19944 -0.07993
-0.017327 -0.25636 0.073307 0.077791 -0.10335 0.20946
-0.37173 0.36873 -0.33643 -0.23383 -0.22421 -0.021867
-0.24709 0.028611 0.40605 0.028533 0.0020641 -0.028752
0.38396 0.41414 -0.42266 0.1099 0.13419 -0.022907
-0.30372 0.47393 -0.16147 -0.1948 -0.10851 0.22264
-0.37865 0.085426 0.080618 -0.14168 -0.13732 -0.14044
0.043695 -0.38102 -0.024765 0.15551 -0.084355 0.1912
-0.18538 0.42653 0.30532 -0.18067 -0.023374 -0.24006
-0.11796 0.093561 0.030778 0.19095 0.11869 -0.079118
0.29154 0.38362 -0.27269 0.21178 0.0049428 0.13301
0.33918 -0.075524 0.20948 -0.24362 -0.058743 -0.078598
0.18024 0.10726 -0.35137 -0.06142 0.20274 0.059403
-0.083078 -0.42924 0.15812 -0.16609 0.23263 -0.023489
0.14289 0.42477 0.13398 0.020111 0.064134 -0.24492
-0.28592 0.14208 -0.27069 -0.19917 -0.18398 0.049541
0.11727 -0.3955 -0.31777 -0.23037 0.059151 0.050784
0.17519 0.20023 -0.33365 0.21661 -0.05849 0.074709
0.10102 -0.1042 -0.35039 0.2358 0.2456 -0.07864
-0.15369 -0.4151 -0.29725 -0.069536 -0.10659 -0.0033504
-0.1356 -0.28552 0.45496 0.072103 0.1031 0.10089
-0.32852 -0.2512 -0.48409 -0.21603 0.017603 0.1939
0.29536 -0.27335 0.45751 -0.14604 -0.15339 -0.22247
-0.0073331 0.203 -0.47431 -0.2302 0.094718 -0.20082
-0.14538 0.25415 0.47111 -0.01532 -0.22477 0.074891
0.27506 0.047287 -0.2024 -0.17495 -0.15778 0.13204
-0.2632 0.053483 0.025073 0.24565 -0.22717 0.24398
