1000
-174.12 -65.992 296 2.9492 -2.4393 -3.0417
-174.55 -87.001 286.26 2.9947 -2.5773 -2.968
-142.18 -58.756 273.85 2.6053 -2.2564 -3.2928
-159.44 -95.787 286.73 2.9985 -2.6428 -3.3493
-168.42 -70.533 306.62 2.858 -2.4286 -3.3016
-175.65 -69.548 288.9 2.5906 -2.4524 -3.2391
-154.29 -81.965 302.66 2.6811 -2.5612 -3.2706
-161.9 -83.423 298.46 2.8153 -2.6838 -2.9504
-187.96 -67.665 286.47 3.0206 -2.7423 -3.3885
-174.36 -84.12 311.58 3.0243 -2.5443 -3.1178
-135.62 -74.041 301.18 2.6207 -2.6628 -3.3327
-165.44 -101.96 301.47 3.0271 -2.392 -2.9949
-185.32 -94.569 283.35 3.0204 -2.5697 -3.3303
-174.2 -74.206 285.97 2.7845 -2.3341 -3.163
-169.52 -62.579 298.91 2.942 -2.3877 -2.9145
-158.38 -90.253 304.44 2.6128 -2.4693 -3.2364
-166.95 -66.972 292.18 2.7527 -2.6664 -3.3906
-164.31 -68.815 309.56 2.9997 -2.2762 -3.3073
-165.5 -79.643 291.17 2.938 -2.6222 -3.2152
-174.93 -73.998 299.63 3.0216 -2.2926 -3.2473
-153.59 -51.845 292.48 2.8697 -2.643 -3.2993
-168.98 -87.764 303.38 2.5597 -2.5681 -2.9461
-169.96 -68.957 289.17 2.9664 -2.7111 -3.0725
-163.37 -71.683 292.13 3.0088 -2.4348 -2.9331
-165.99 -70.537 277.36 2.8812 -2.6645 -3.1951
-170.54 -73.817 295.47 2.9207 -2.7323 -2.944
-164.05 -70.944 293.34 2.9134 -2.3933 -3.4112
-144.19 -76.272 297.73 2.738 -2.5811 -3.109
-159.91 -90.693 295.83 2.8696 -2.4245 -3.0136
-171.87 -79.598 285.75 2.6274 -2.5629 -3.2976
-174.02 -71.414 299.08 2.8949 -2.4412 -2.9479
-167.71 -71.17 318.55 2.5578 -2.744 -3.0325
-181.08 -67.722 286.03 2.6803 -2.2996 -3.0009
-147.07 -51.549 301.77 2.5649 -2.3546 -3.1274
-163.28 -90.3 286.67 2.5904 -2.3819 -3.0178
-176.96 -66.954 283.36 2.9536 -2.3483 -3.2496
-164.12 -72.4 281.22 2.8893 -2.5632 -3.3024
-179.76 -74.138 298.2 2.7004 -2.4462 -3.2579
-159.5 -80.69 292.78 3.017 -2.4671 -3.1219
-167.14 -75.034 301.18 2.5591 -2.4898 -2.9992
-164.9 -66.955 290.54 2.7612 -2.6173 -3.2689
-161.7 -69.496 280.69 2.7326 -2.6305 -3.2128
-156.79 -89.815 290.46 2.9246 -2.529 -2.9831
-173.42 -64.696 291.71 2.9394 -2.641 -3.1068
-179.99 -71.263 298.57 2.6353 -2.3526 -2.9185
-166.36 -54.816 280.34 2.7867 -2.2618 -3.3123
-173.55 -84.882 274.01 2.7646 -2.7399 -3.0005
-161.07 -80.979 297.03 2.865 -2.487 -3.0762
-183.87 -91.28 284.68 2.8965 -2.7113 -3.2896
-156.74 -73.722 287.54 2.9192 -2.3538 -3.1762
-162.26 -63.807 297.95 2.6799 -2.2603 -3.2146
-176.44 -78.548 292.63 2.8817 -2.7214 -3.1144
-168.5 -78.949 294.09 2.8694 -2.2852 -3.0139
-156.94 -76.705 304.29 2.6232 -2.7458 -3.3616
-141.06 -75.364 303.1 2.6013 -2.4129 -3.0034
-168.83 -63.523 292.48 2.791 -2.363 -2.9936
-151.5 -73.599 287.13 3.0217 -2.4878 -3.2369
-173.93 -78.585 280.51 2.712 -2.3122 -3.1991
-163.25 -67.412 295.6 2.8345 -2.3054 -3.128
-167.4 -87.403 315.58 2.6538 -2.4419 -3.0637
-161.92 -67.772 302.92 2.9175 -2.6859 -3.0429
-170.3 -75.823 294.69 2.6694 -2.646 -3.0352
-179.54 -52.365 281.47 2.7948 -2.6638 -3.2196
-168.03 -80.246 280.19 2.8914 -2.7339 -3.1995
-160.93 -69.522 287.14 2.9873 -2.7014 -2.9359
-170.38 -72.58 255.02 3.0215 -2.4466 -3.1276
-167.17 -84.566 296.62 2.8155 -2.285 -2.9893
-161.3 -65.003 304.88 2.6112 -2.5776 -3.2759
-159.93 -96.021 293.55 2.6165 -2.5495 -3.103
-172.66 -93.219 289.17 2.6706 -2.2627 -3.1199
-168.01 -86.854 305.97 2.9622 -2.2821 -2.9324
-156.62 -60.702 288.17 2.669 -2.4165 -3.3712
-162.02 -63.919 286.65 2.949 -2.2607 -3.1639
-178.8 -86.272 301.7 2.6636 -2.3714 -3.1533
-149.84 -75.556 292.5 3.0065 -2.5865 -3.369
-171.49 -81.192 286.1 2.7168 -2.4237 -2.9618
-172.31 -71.426 301.03 2.6401 -2.6328 -2.9719
-179.56 -52.745 287.64 2.6674 -2.6071 -3.1946
-166.42 -82.525 307.34 2.8499 -2.4148 -3.0233
-166.35 -54.27 286.15 2.7785 -2.4909 -3.3399
-168.55 -78.411 286.5 2.7177 -2.5491 -3.1042
-173.72 -80.277 286.16 2.9573 -2.4535 -3.2838
-181.93 -67.662 296.01 2.8345 -2.3796 -3.1913
-135.2 -66.667 305.5 2.8167 -2.4631 -2.9921
-150.31 -70.96 296.1 3.0004 -2.479 -3.316
-168.91 -88.433 300.17 2.6848 -2.4631 -3.2622
-166.47 -80.672 305 2.9204 -2.4989 -3.1725
-161.73 -82.438 291.16 2.9187 -2.7136 -3.2452
-165.44 -78.883 301.93 2.7321 -2.3951 -3.0149
-171.03 -81.579 291.2 2.8258 -2.2568 -2.9204
-155.98 -69.5 313.44 2.5798 -2.5776 -3.3346
-176.71 -63.643 295.05 2.5688 -2.2692 -3.2957
-145.75 -76.265 286.99 2.8072 -2.5816 -3.063
-182.96 -68.216 293.45 2.9314 -2.3116 -3.2264
-168.56 -66.17 285.12 3.0089 -2.5275 -2.9273
-156.6 -72.42 277.2 2.6068 -2.5481 -2.928
-164.14 -76.484 295.94 2.8263 -2.646 -3.0923
-180.35 -79.185 294.77 2.7765 -2.692 -2.9841
-156.1 -85.389 298.98 2.5478 -2.6004 -3.2132
-163.69 -76.494 283.99 2.7104 -2.3918 -3.0982
-173.47 -72.163 284.39 2.6229 -2.3634 -2.9215
-161.29 -75.625 287.54 2.939 -2.408 -3.1344
-157.76 -71.579 282.39 2.6975 -2.75 -2.9473
-143.48 -73.296 319.36 2.8061 -2.3332 -3.054
-166.26 -67.055 296.16 2.6247 -2.2937 -3.1721
-168.26 -80.063 285.91 2.8428 -2.3694 -3.0946
-170.37 -74.942 296.69 2.6733 -2.7335 -2.9703
-184.59 -71.338 304.74 2.8689 -2.5658 -3.3148
-160.11 -77.519 299.22 2.8865 -2.4027 -3.2164
-185.87 -70.954 301.61 2.9159 -2.3901 -2.918
-168.02 -91.503 297.25 2.7671 -2.6427 -3.2129
-168.07 -69.173 277.37 2.5838 -2.6203 -3.0847
-156.87 -69.14 284.85 2.6563 -2.4183 -2.9634
-193.03 -73.77 303.04 2.9985 -2.5161 -2.9164
-156.14 -77.288 290.46 2.618 -2.443 -3.0875
-170.52 -78.088 295.04 2.9548 -2.6366 -3.3599
-178.25 -90.806 297.99 2.811 -2.6663 -3.3961
-165.41 -62.801 282.23 3.0399 -2.34 -3.1051
-162.99 -67.401 294.35 2.5809 -2.3714 -3.1305
-169.56 -84.63 288.1 2.7632 -2.2876 -2.9331
-180.02 -88.531 277.7 2.5952 -2.7009 -3.0411
-153.26 -77.611 296.38 3.0228 -2.6637 -3.0829
-163.35 -66.95 284 2.5442 -2.7053 -3.1525
-172.39 -65.432 287.42 2.9293 -2.51 -3.2842
-153.16 -68.412 279.05 2.9505 -2.6582 -2.9331
-161.65 -66.078 286.41 2.9762 -2.3069 -3.144
-178 -56.209 296.84 2.5841 -2.7053 -3.399
-159.11 -90.801 308.16 2.7417 -2.7328 -3.066
-183.28 -69.063 281.13 2.6718 -2.4762 -3.1543
-175.9 -74.301 295.9 2.9419 -2.3686 -3.3846
-163.81 -81.247 297.68 2.7576 -2.5989 -2.9691
-161.21 -66.591 302.88 2.9972 -2.6654 -3.249
-164.62 -73.813 305.04 2.6328 -2.5854 -3.2993
-184.65 -61.757 281.39 2.6737 -2.6498 -3.3571
-157.14 -84.098 293.06 2.6146 -2.4998 -3.2587
-152.71 -82.234 304.75 2.6099 -2.3017 -3.2999
-153.65 -69.424 297.9 2.9765 -2.4404 -3.0881
-171.03 -82.634 306.44 2.8317 -2.7041 -3.381
-169.26 -72.546 304.61 2.8168 -2.5594 -3.2764
-175.5 -77.777 315.88 2.6143 -2.7275 -3.2732
-162.82 -62.792 266.24 2.9684 -2.5042 -2.9741
-162.8 -69.392 289.13 2.8529 -2.539 -3.192
-173.04 -77.828 289.06 2.7173 -2.2561 -3.0362
-156.13 -80.145 278.21 2.7985 -2.3491 -3.1125
-156.8 -77.807 287.23 2.7428 -2.512 -3.0225
-158.75 -49.82 306.67 2.5798 -2.3076 -3.3572
-172.86 -74.255 293.04 2.6618 -2.6861 -2.9248
-178.71 -75.784 302.05 2.6035 -2.5599 -2.9898
-158.8 -75.734 308.79 2.6338 -2.2912 -3.3888
-150.85 -58.595 289.54 2.6618 -2.2961 -3.181
-178.22 -91.08 288.35 2.7505 -2.3981 -3.2513
-187.4 -62.634 279.27 2.5667 -2.4457 -3.099
-150.96 -80.951 289.67 2.9932 -2.5832 -3.299
-165.94 -76.492 285.3 3.0142 -2.2868 -3.1242
-153.54 -66.984 290.25 2.7873 -2.6925 -3.1125
-155.47 -83.123 290.19 2.7865 -2.3896 -3.1142
-177.51 -69.501 285.16 2.7107 -2.4316 -3.1899
-169.64 -74.504 281 2.9919 -2.3383 -3.3964
-173.67 -87.746 288.67 2.7265 -2.5557 -3.1572
-163.53 -71.835 292.59 2.5974 -2.3799 -3.2103
-153.66 -67.954 283.49 2.932 -2.3372 -3.3601
-164.76 -67.38 295.97 2.7367 -2.5936 -3.1842
-186.32 -79.418 291 2.6627 -2.4787 -3.1887
-152.97 -73.92 289.84 2.7438 -2.2653 -3.1386
-165.3 -67.535 301.56 2.5901 -2.4802 -3.0114
-169.92 -68.424 315.51 2.6078 -2.5896 -3.0637
-186.35 -77.652 300.92 3.0129 -2.4451 -2.978
-161.58 -86.475 298.87 3.0199 -2.5745 -3.388
-162.87 -71.032 292.49 2.8295 -2.3766 -3.3043
-161.94 -70.584 293.74 2.5717 -2.5479 -3.1843
-176.1 -58.775 298.26 2.6592 -2.5087 -2.9349
-172.62 -89.296 286.91 2.7184 -2.4075 -3.0191
-174.49 -77.301 277.52 2.9524 -2.2685 -3.1882
-147.45 -69.416 296.74 2.5495 -2.591 -3.2474
-173.53 -74.773 285.43 2.5634 -2.336 -3.3846
-167.29 -53.471 296.38 2.6263 -2.3853 -3.0437
-174.22 -77.43 284.14 2.8664 -2.2778 -3.1607
-156.22 -97.396 279.91 2.9077 -2.7389 -3.3142
-165.45 -66.46 278.41 2.8657 -2.5764 -3.2005
-164.59 -87.749 295.26 2.7673 -2.4235 -3.3298
-155.93 -60.609 311.99 2.8154 -2.6141 -3.0383
-158.57 -69.72 294.45 2.69 -2.6397 -3.2299
-157.46 -77.2 297.35 2.9142 -2.3993 -2.9432
-186.65 -83.559 293.88 2.6363 -2.4426 -3.4055
-163.12 -55.185 294.75 2.8852 -2.4596 -2.9996
-155.66 -70.663 316.1 2.6336 -2.4246 -3.1008
-161.82 -78.649 284.63 2.7261 -2.7311 -3.1447
-156.3 -80.707 290.86 2.8547 -2.5805 -3.0889
-144.11 -75.562 285.71 2.932 -2.5292 -3.0508
-152.84 -61.195 299.58 2.5824 -2.6344 -3.3669
-176.55 -54.651 295 3.0065 -2.3973 -2.9753
-173.62 -73.486 289.17 2.9297 -2.3268 -3.4069
-166.54 -69.487 299.87 2.7852 -2.6141 -3.267
-171.75 -70.525 282.39 2.7598 -2.3893 -3.3242
-166.11 -90.248 293.64 2.7652 -2.686 -2.951
-153.04 -72.355 294.45 2.695 -2.3365 -3.38
-170.64 -78.739 308.18 2.7961 -2.6856 -3.1236
-168.18 -78.036 297.83 2.7972 -2.4608 -3.0955
-167.6 -75.267 292.78 2.9507 -2.5718 -3.0885
-158.58 -102.67 279.03 2.9393 -2.3515 -2.9818
-154.95 -81.104 277.74 2.864 -2.503 -3.3861
-166.82 -66.196 298.35 2.7312 -2.5101 -3.0057
-168.49 -72.55 285.44 2.9476 -2.3163 -3.1497
-155.99 -78.917 290.03 2.8083 -2.5783 -3.0669
-158.09 -77.167 283.75 2.7172 -2.5301 -3.3079
-160.44 -84.558 294.26 3.0113 -2.2731 -3.1425
-132.66 -80.732 294.72 2.9798 -2.7337 -3.0629
-165.01 -79.588 309.89 2.8169 -2.2684 -2.9359
-161.91 -75.62 310.62 2.8531 -2.6603 -3.1919
-166.16 -67.879 303.06 2.8354 -2.4213 -3.3714
-159.16 -73.969 303.28 2.6457 -2.4616 -3.3855
-170.57 -74.556 280.75 2.6925 -2.4173 -3.0994
-155.25 -82.113 305.2 2.7773 -2.5743 -3.016
-147.03 -63.972 283.03 2.6571 -2.4447 -3.0685
-164.47 -71.404 276.45 2.964 -2.3493 -3.2415
-166.01 -68.098 324.11 2.6392 -2.7452 -2.9407
-170.96 -71.565 295.63 2.6548 -2.7129 -3.154
-170.06 -65.681 285.82 2.6272 -2.2675 -2.9372
-182.36 -58.633 292.52 2.6557 -2.4292 -3.3773
-165.86 -78.075 293.13 2.7597 -2.6392 -3.3106
-174.14 -68.333 271.74 2.6974 -2.5531 -3.0266
-152.76 -66.965 285.29 3.0035 -2.6938 -2.957
-163.76 -73.846 297.74 2.757 -2.6206 -3.0228
-164.77 -54.639 292.8 2.6343 -2.6259 -3.2664
-151.34 -83.544 275.82 2.9943 -2.589 -3.3382
-183.08 -78.62 287.53 3.0317 -2.6787 -2.9902
-162.03 -72.979 290.94 2.7613 -2.5809 -3.0217
-175.9 -73.496 293.26 2.5974 -2.694 -3.2787
-171.76 -75.986 275.66 2.6709 -2.3128 -3.3002
-162.74 -78.555 295 2.7462 -2.7077 -3.2536
-156.41 -65.512 307.74 2.8393 -2.2898 -2.9993
-173.69 -74.362 276.52 2.673 -2.5553 -3.003
-159.79 -81.826 296.83 2.8433 -2.7312 -3.1288
-150.74 -56.63 305.88 2.8975 -2.5837 -3.1282
-173.87 -64.637 296.25 2.6527 -2.3869 -3.2711
-175.24 -58.87 298.34 2.6006 -2.3575 -3.0646
-165.44 -74.026 287.69 2.6902 -2.4824 -3.016
-159.05 -54.6 290.59 2.7012 -2.4117 -3.1933
-165.31 -64.562 281 2.7539 -2.308 -3.191
-173.49 -91.839 291.23 2.7958 -2.7275 -3.1813
-164.17 -86.411 286.92 2.5846 -2.603 -3.2746
-163.25 -67.922 285.86 2.6731 -2.7318 -3.0764
-169.77 -74.92 306.92 2.9424 -2.6571 -2.9623
-176.53 -75.196 291.27 2.5565 -2.3948 -2.9599
-160.97 -63.011 298.74 3.0063 -2.394 -3.0405
-165.15 -56.736 296.2 2.907 -2.316 -3.2839
-168.95 -69.846 282.3 2.7862 -2.4636 -3.0693
-171.64 -72.485 273.55 2.8311 -2.7195 -3.3482
-170.33 -51.249 278.11 2.6605 -2.2935 -3.3524
-173.99 -73.865 295.2 2.7713 -2.3547 -3.3187
-175.72 -78.264 289.43 3.0234 -2.6119 -3.3413
-152.67 -79.709 300.04 2.8152 -2.483 -3.1216
-167.74 -81.115 288.65 2.8024 -2.2625 -3.3774
-182.61 -72.941 279.22 2.6576 -2.397 -3.003
-170.21 -82.367 293.41 2.7863 -2.3354 -3.0527
-154.72 -92.342 303.45 2.8539 -2.5382 -2.9512
-170.7 -86.607 295.1 2.8814 -2.5195 -3.1678
-147.55 -69.396 290.58 2.7396 -2.4745 -3.0867
-173.12 -62.845 288.24 2.7256 -2.6203 -2.9691
-172.85 -61.732 305.13 3.0358 -2.3803 -3.1449
-175.65 -50.63 301.59 2.5607 -2.5029 -3.273
-153.68 -84.598 288.15 2.9844 -2.4315 -2.9261
-171.12 -60.113 278.98 2.9985 -2.601 -3.3959
-161.15 -72.942 283.31 2.9399 -2.6855 -3.251
-181.8 -78.436 295.78 2.5912 -2.5171 -2.9276
-171.05 -78.022 281.52 2.6728 -2.5736 -3.2316
-158.73 -64.862 288.57 2.7095 -2.3608 -3.2595
-178.13 -67.261 291.22 2.8817 -2.3647 -3.3537
-164.82 -91.82 285.85 2.6101 -2.4206 -2.9562
-159.84 -63.511 286.2 2.9025 -2.6881 -3.3464
-147.54 -65.506 290.18 2.5952 -2.7441 -3.2481
-158.91 -76.122 286.94 2.8687 -2.4749 -2.9654
-155.86 -83.571 279.02 2.7889 -2.6044 -3.1643
-168.87 -81.454 299.81 2.9314 -2.2852 -3.1065
-171.11 -86.12 283.25 2.8994 -2.2644 -3.1226
-164.76 -74.26 302.79 2.9937 -2.6115 -3.065
-174.26 -77.645 289.01 2.9873 -2.3544 -3.3995
-154.1 -76.878 289.37 2.7089 -2.3068 -3.1502
-157.56 -71.545 305.4 2.8912 -2.4561 -3.3981
-155.7 -76.732 295.06 2.6408 -2.3128 -3.0006
-152.71 -90.73 288.42 2.5571 -2.283 -3.2441
-166.4 -79.745 284.17 2.9139 -2.4803 -2.9908
-171.09 -78.992 287.27 2.7919 -2.3907 -3.2911
-160.07 -90.917 296.44 2.7818 -2.4665 -3.1234
-153.8 -64.902 300.92 2.9942 -2.7419 -2.9453
-156.74 -95.425 292.92 2.8468 -2.5316 -3.3902
-155.87 -69.537 287.52 2.8507 -2.4317 -3.3871
-150.26 -76.706 295.8 2.9716 -2.4943 -3.4038
-162.37 -77.401 299.16 2.9446 -2.5687 -3.0734
-153.28 -67.282 288.23 2.8302 -2.2863 -3.1148
-165.44 -76.794 306.88 2.6333 -2.3401 -3.3571
-157.43 -76.027 288.8 2.6618 -2.3303 -3.016
-179.36 -82.474 301.43 2.9851 -2.5686 -3.1052
-149.9 -62.501 302.13 2.5562 -2.4583 -3.379
-183.07 -63.842 293.01 2.7868 -2.3186 -3.3795
-163.27 -66.894 291.6 2.6258 -2.2881 -3.3461
-168.78 -68.446 301.16 3.0312 -2.4206 -3.0197
-176.91 -66.494 274.41 2.8982 -2.6515 -3.3679
-161.96 -66.816 292.78 2.7921 -2.4279 -3.2952
-162 -69.817 293.14 2.7774 -2.7188 -3.2923
-151.21 -67.442 296.1 2.5717 -2.5515 -3.3617
-163.95 -80.849 283.6 2.8828 -2.4214 -2.9849
-159.55 -73.465 278.34 2.5631 -2.288 -3.065
-162.89 -68.255 266.06 2.5776 -2.3494 -3.0473
-150.65 -81.013 297.9 2.8027 -2.5126 -3.0889
-154.02 -73.751 303.22 2.5902 -2.3765 -3.156
-165.22 -75.633 288 2.9509 -2.5463 -3.2509
-164.08 -61.344 316.24 2.9506 -2.269 -3.0832
-147.53 -69.033 286.03 2.9031 -2.2609 -3.3553
-167.72 -62.814 279.33 2.6168 -2.3228 -3.3402
-156.74 -67.532 290.99 2.8716 -2.5604 -3.4042
-174.11 -63.666 293.5 2.8011 -2.5275 -2.932
-172.94 -74.703 299.27 3.0283 -2.6315 -2.9289
-156.69 -72.607 293.65 2.8663 -2.3626 -3.3522
-158.84 -80.04 284.81 2.942 -2.3134 -3.1804
-154.74 -69.883 277.21 2.7687 -2.298 -3.0858
-171.65 -43.016 286.58 2.758 -2.4757 -3.269
-155.14 -72.782 278.81 2.9545 -2.4554 -3.0369
-163.6 -74.214 299.68 2.5836 -2.6804 -3.1351
-165.8 -65.176 291.41 2.6084 -2.305 -3.2002
-148.43 -89.395 273.91 2.6285 -2.5297 -3.2805
-150.95 -62.476 296.1 2.7373 -2.652 -3.0373
-187.83 -82.234 283.22 2.9575 -2.305 -2.9649
-161.76 -68.083 305.95 2.9435 -2.3736 -3.0499
-173.83 -70.992 292.97 2.5721 -2.3136 -3.2107
-168.32 -74.429 294.74 2.7415 -2.6124 -2.945
-171.67 -80.931 284.57 2.8053 -2.4182 -3.2864
-149.08 -69.585 297.67 2.7502 -2.4227 -3.1475
-152.91 -62.513 293.09 2.8703 -2.6934 -2.9367
-159.77 -66.932 294.61 2.8558 -2.5512 -3.2802
-158.29 -59.797 289.24 2.6878 -2.6172 -3.2891
-160.74 -87.644 298.88 2.7577 -2.3965 -2.9503
-158.48 -73.566 268.05 2.5496 -2.6132 -3.3798
-162.81 -87.262 294.1 3.0339 -2.3068 -3.2644
-167.11 -72.612 302.93 2.6254 -2.3416 -3.1183
-160.25 -68.342 290.54 2.595 -2.5598 -3.3125
-168.42 -81.435 298.23 2.7281 -2.5059 -3.0962
-169.27 -60.93 286.49 2.6409 -2.4075 -3.0149
-168.02 -78.507 294.17 2.7867 -2.3377 -3.1633
-166.2 -67.524 286.6 2.7116 -2.45 -3.0887
-165.24 -77.235 303.89 3.0177 -2.4675 -3.0161
-140 -81.342 297.14 3.002 -2.5918 -3.2974
-177.56 -81.13 306.2 2.5682 -2.5266 -3.1137
-176.04 -88.269 292.03 2.9108 -2.398 -3.3579
-162.86 -58.551 291.85 2.6764 -2.3127 -3.1562
-165.83 -98.231 295.58 2.7533 -2.3944 -2.9952
-172.62 -86.659 306.93 2.8158 -2.7455 -2.9537
-162.05 -93.604 268.54 3.0132 -2.4175 -3.165
-157.79 -87.188 275.68 2.7507 -2.5356 -3.2753
-176.86 -101.68 305.11 3.0334 -2.5359 -3.0879
-169.4 -67.736 311.38 2.6926 -2.6963 -2.9555
-178.2 -73.354 290.4 2.8924 -2.3475 -3.1592
-164.49 -84.068 305.98 2.875 -2.5924 -2.927
-163.68 -86.768 314.15 2.8114 -2.6317 -3.3155
-158.5 -86.938 294.34 2.8909 -2.5835 -3.3585
-176.19 -76.543 287.89 2.8751 -2.567 -3.2654
-162.35 -93.979 287.67 2.6309 -2.4816 -3.2159
-166.76 -69.691 289.88 2.6059 -2.4739 -3.2037
-151.4 -74.657 300.43 3.0414 -2.5569 -3.2584
-162.26 -77.181 290.74 2.6274 -2.5558 -3.0672
-170.69 -67.236 312.82 2.5581 -2.4972 -3.3682
-167.61 -70.301 289.05 2.8224 -2.4261 -3.2131
-170.68 -77.205 285.29 2.9828 -2.2794 -3.2665
-150.93 -73.45 297.89 2.8764 -2.3937 -3.2609
-170.43 -75.092 294.8 2.6371 -2.5548 -3.3613
-181.39 -80.019 297.07 2.7263 -2.3389 -3.1172
-167.34 -62.644 271.51 2.7722 -2.6877 -3.2728
-153.89 -61.737 290.94 3.0327 -2.7246 -3.3365
-158.69 -73.035 274.11 2.62 -2.7127 -3.4138
-163.68 -84.026 294.3 2.9696 -2.6729 -3.2723
-147.47 -85.488 300.09 2.8642 -2.5927 -3.1387
-171.2 -71.248 304.24 2.73 -2.604 -2.9787
-162.73 -76.405 299.97 2.6373 -2.749 -3.393
-174.04 -81.89 297.29 2.756 -2.4849 -2.9618
-173.2 -72.438 300.2 2.7829 -2.7072 -3.3486
-168.77 -85.605 291.88 2.6022 -2.6816 -2.9973
-158.85 -70.354 292.06 2.8366 -2.4393 -3.0139
-144.78 -89.679 302.65 2.6549 -2.3252 -2.9552
-157.33 -98.296 303.32 2.7342 -2.2677 -3.3455
-176.03 -75.84 287.74 2.8333 -2.4694 -3.1618
-167.37 -83.578 274.47 2.6677 -2.2564 -3.2116
-170.87 -58.447 269.49 2.6871 -2.4781 -3.3273
-168.25 -60.032 276.22 2.8504 -2.4971 -3.1265
-153.52 -79.88 282.44 2.6745 -2.5895 -3.111
-161.55 -83.426 296.92 2.954 -2.5399 -3.3069
-155.41 -75.922 284.69 3.0332 -2.509 -3.1542
-159.29 -76.919 291.59 2.907 -2.7193 -2.9195
-173.25 -59.905 296.14 2.7138 -2.311 -3.1692
-156.01 -77.241 278.58 2.8339 -2.7225 -3.0667
-178.83 -61.703 283.94 2.5957 -2.5368 -3.2084
-157.32 -61.386 284.95 2.995 -2.3415 -3.3967
-159.33 -48.561 284.43 2.9817 -2.5576 -3.2677
-154.32 -77.553 288.05 2.9507 -2.4481 -3.0134
-179.52 -78.511 300.32 2.6722 -2.3455 -3.2409
-167.36 -57.001 287.37 2.839 -2.3117 -3.3725
-165.14 -81.142 299.39 2.5531 -2.2893 -3.1586
-164.32 -91.913 295.85 2.7545 -2.6595 -3.2307
-156.56 -72.891 294.36 2.6982 -2.6256 -3.0444
-158.32 -68.756 302.19 2.6226 -2.3059 -3.1518
-158.8 -77.388 313.85 2.6312 -2.4582 -3.0119
-163.54 -77.265 307.12 2.7533 -2.5029 -3.0057
-148.56 -87.387 276.6 2.589 -2.4485 -3.3194
-168.57 -56.53 297.74 2.8411 -2.3451 -3.3523
-164.31 -71.745 279.98 2.7773 -2.4889 -3.0036
-171.09 -79.235 272.34 2.8898 -2.6538 -3.0952
-165.94 -69.74 280.34 2.8918 -2.5279 -3.4061
-158.07 -65.414 270.63 2.8611 -2.5409 -2.9661
-177.6 -84.241 281.13 2.5586 -2.2718 -3.1564
-163.41 -71.506 305.99 2.5762 -2.4448 -3.1419
-172.67 -78.582 287.68 2.7016 -2.4072 -3.1109
-157.44 -57.251 319.25 2.8073 -2.3948 -3.0339
-184.98 -72.169 296.35 2.8691 -2.5814 -2.9864
-184.88 -85.005 302.48 2.7457 -2.4964 -3.2227
-149.08 -74.869 290.98 2.9518 -2.4765 -3.3718
-166.82 -69.268 289.65 2.901 -2.6766 -3.0472
-185.01 -52.752 284.61 3.0262 -2.4738 -3.2481
-182.18 -73.363 294.05 2.8075 -2.4075 -2.9942
-166.19 -68.043 277.62 2.7044 -2.5416 -3.2283
-162.25 -61.751 283.94 2.5947 -2.3367 -3
-161.95 -68.671 281.75 2.8473 -2.3892 -3.3259
-154.65 -82.456 294.13 2.9312 -2.5748 -3.3494
-161.99 -75.369 307.6 2.7536 -2.5278 -2.9742
-166.06 -80.337 314.02 2.5873 -2.5617 -3.3921
-154.85 -66.691 274.89 2.6751 -2.3671 -3.0708
-144.73 -58.355 295.91 2.6187 -2.3877 -3.0472
-165.06 -73.978 285.9 2.6823 -2.5397 -3.1955
-167.73 -63.211 281.63 2.7619 -2.408 -3.2242
-154.94 -80.726 293.48 2.8054 -2.2822 -2.9243
-170.4 -72.165 287.73 2.7706 -2.3627 -3.2146
-180.15 -75.523 292.96 2.9795 -2.4021 -3.194
-166.39 -57.456 300.13 2.8009 -2.7002 -3.3357
-162.87 -70.819 283.09 3.0137 -2.5599 -3.2511
-163.86 -66.081 290.92 2.8607 -2.4594 -3.2571
-176.5 -77.17 275.44 3.0207 -2.5252 -2.9669
-171.29 -80.092 288.61 2.6622 -2.7297 -3.2906
-172.12 -69.811 302.33 2.8799 -2.6405 -3.2588
-155.77 -81.943 274.99 2.6864 -2.3378 -3.2097
-166.63 -87.376 296.35 2.8778 -2.747 -3.0601
-158.83 -76.78 278.92 2.8894 -2.323 -3.3423
-159.34 -57.767 294.63 2.5758 -2.7158 -2.9785
-167.25 -77.682 287.94 2.6692 -2.4203 -3.3725
-185.13 -71.55 289.66 2.6539 -2.5048 -3.1833
-161.69 -79.696 276.41 2.8758 -2.6459 -3.3989
-158.28 -94.262 283.33 2.964 -2.469 -3.0375
-172.85 -73.754 290.51 2.7141 -2.6938 -3.0641
-165.49 -56.822 293.16 2.9321 -2.4193 -3.3069
-169.74 -77.074 290.53 2.8795 -2.4551 -3.0742
-148.31 -85.26 286.03 2.5452 -2.7269 -3.1355
-165.63 -83.665 305.73 2.8429 -2.7267 -2.9888
-163.28 -70.116 290.5 2.7352 -2.6786 -3.1348
-175.8 -77.962 284.69 2.9998 -2.745 -2.9632
-172.68 -63.922 284.86 2.5424 -2.5373 -3.2044
-178.89 -76.516 291.69 2.7731 -2.3387 -3.2351
-158.04 -94.614 301.73 2.754 -2.4462 -3.1696
-159.25 -78.153 288.2 2.7723 -2.4948 -3.2861
-173.61 -66.639 301.16 2.9269 -2.3229 -2.9495
-136.45 -63.494 294.71 2.7031 -2.706 -3.1807
-156.13 -60.909 286.81 2.9342 -2.3008 -3.2871
-161.26 -63.751 284.27 2.7775 -2.7008 -3.1985
-146.16 -63.024 294.22 2.5597 -2.4964 -3.0629
-189.88 -54.818 291.41 2.6298 -2.6833 -3.213
-166.23 -58.414 283.39 2.9027 -2.4752 -3.3232
-165.57 -72.002 284.5 2.7786 -2.7526 -2.986
-163.32 -78.52 297.84 2.6182 -2.3715 -3.122
-175.71 -76.556 297.66 2.7124 -2.3305 -3.2273
-160.03 -66.732 289.33 2.8455 -2.2964 -3.3033
-187.49 -61.677 300.71 2.6377 -2.2614 -3.3046
-164.25 -76.234 288.95 2.9111 -2.5023 -3.153
-160.93 -58.632 291.29 2.6633 -2.6191 -3.1974
-165.73 -81.008 304.79 3.0006 -2.7045 -3.0435
-161.68 -78.412 287.05 2.6764 -2.5009 -3.3789
-172.96 -77.628 272.01 2.9246 -2.4621 -2.9905
-159.83 -80.378 279.56 2.6362 -2.3734 -3.0742
-169.07 -65.059 295.35 2.6856 -2.7134 -3.3458
-181.91 -75.629 290.29 2.5874 -2.4241 -2.9849
-168.43 -55.243 319.96 2.83 -2.4964 -3.3142
-171.52 -73.82 278.29 2.8835 -2.6693 -3.1105
-175.57 -55.096 290.01 2.8151 -2.2856 -3.1426
-160.27 -98.058 292.85 2.7547 -2.4596 -3.333
-164.92 -70.14 278.71 2.8641 -2.5345 -3.4113
-167.87 -70.923 303.24 2.8657 -2.2839 -3.0284
-170.8 -54.406 299.88 2.8814 -2.4269 -3.0317
-148.56 -71.141 307.87 2.8597 -2.5289 -3.2036
-153.59 -55.967 299.32 3.0144 -2.335 -3.3857
-167.21 -54.831 256.94 2.6463 -2.4885 -3.1212
-164.46 -79.961 282.77 2.8965 -2.4779 -3.327
-150.2 -85.665 295.56 2.66 -2.4148 -3.0498
-147.39 -65.176 284.29 2.6015 -2.5713 -3.147
-154.3 -81.909 295.28 2.8455 -2.6352 -3.2876
-168.58 -75.33 291.78 2.7669 -2.4654 -2.9556
-171.15 -79.471 286.97 2.7712 -2.3214 -3.035
-157.81 -72.75 293.13 2.8728 -2.5515 -2.9706
-173.96 -67.794 297.57 2.927 -2.6985 -3.3797
-176.03 -66.636 303.88 2.717 -2.5329 -3.3224
-168.88 -72.402 283.51 2.8729 -2.6048 -3.0456
-155.76 -83.227 286.73 2.7499 -2.5542 -3.0658
-163.73 -82.228 285.24 2.9628 -2.3382 -3.0256
-162.87 -70.835 300.92 2.9583 -2.553 -3.1632
-154.08 -95.601 308.17 2.6701 -2.5598 -3.2014
-162.98 -85.503 303 2.8486 -2.5746 -3.1085
-176.71 -89.416 305.85 2.833 -2.6847 -2.9862
-156.9 -77.038 294.94 2.8122 -2.6248 -3.0787
-160.56 -68.906 284.43 2.9768 -2.7114 -3.1523
-166.21 -50.111 299.24 2.6742 -2.5402 -3.2647
-169.45 -73.8 309.71 2.7009 -2.6262 -3.0621
-170.77 -84.435 297.51 2.6015 -2.6061 -3.2233
-165.56 -78.294 301.74 3.0118 -2.5424 -3.1303
-173.33 -69.176 277.01 2.8646 -2.6953 -2.9702
-170.44 -63.54 298.16 2.7816 -2.5073 -2.9926
-180.19 -78.349 290.91 2.8615 -2.4017 -2.9647
-170.51 -73.804 297.98 2.8142 -2.6331 -2.9446
-172.26 -61.9 305.21 2.8655 -2.3623 -3.0064
-159.55 -71.521 286.05 2.8138 -2.7178 -3.4134
-150.77 -72.954 307.5 2.9024 -2.5579 -3.4126
-154.97 -77.069 283.01 2.8031 -2.7532 -3.3704
-154.85 -77.605 292.85 3.0387 -2.6445 -3.2838
-158.56 -63.178 295.51 2.6512 -2.7542 -3.4027
-159.86 -79.075 303.11 2.5947 -2.6603 -3.2021
-157.82 -74.231 289.21 2.5967 -2.6836 -3.2436
-172.62 -84.097 283.09 2.5736 -2.6208 -3.1434
-156.99 -67.721 306.61 2.7441 -2.6674 -2.951
-177.31 -71.267 296.07 2.766 -2.6855 -3.2649
-159.14 -69.343 273.31 2.7248 -2.4554 -3.2451
-173.65 -74.028 295.64 2.9236 -2.3043 -2.9844
-175.03 -81.179 275.44 2.8558 -2.2852 -3.2439
-169.86 -74.611 300.35 2.9278 -2.6443 -3.3451
-178.35 -86.599 306.32 3.0083 -2.5135 -3.1602
-165.16 -77.144 290.62 3.0282 -2.5669 -2.9858
-154.22 -50.686 283.36 2.6379 -2.493 -3.222
-167.82 -57.035 304.71 2.6113 -2.6224 -3.0663
-160.37 -65.081 287.34 2.89 -2.7207 -3.1002
-163.7 -69.378 284.26 2.5888 -2.5367 -3.1889
-153.2 -65.493 279.83 2.8045 -2.6679 -3.1773
-166.91 -69.863 277.77 2.807 -2.7418 -2.9393
-162.39 -64.441 295.2 2.9724 -2.2775 -3.3724
-140.65 -61.701 289.13 2.7843 -2.5396 -3.2742
-153.86 -83.971 300.33 2.7386 -2.2741 -3.1906
-174.66 -75.668 291.88 2.8776 -2.3736 -3.1203
-154.12 -74.03 290.35 2.9125 -2.7512 -2.9753
-174.57 -79.31 275.23 2.8019 -2.4148 -3.1796
-165.22 -83.7 284.69 2.7157 -2.4019 -3.1954
-162.43 -61.037 293.49 2.6168 -2.4323 -3.041
-156.62 -67.08 288.16 2.8349 -2.4787 -3.1802
-169.3 -82.866 305.19 2.6729 -2.6458 -2.9837
-159.94 -84.285 274.13 2.5641 -2.3687 -3.1809
-147.63 -69.486 290.63 2.9193 -2.6408 -3.1651
-184.38 -80.647 293.59 2.6632 -2.5694 -3.1704
-176.09 -85.741 285.22 2.763 -2.3094 -3.2994
-153.37 -76.233 293.56 2.8857 -2.3267 -3.3713
-168.26 -82.206 309.06 2.7215 -2.5536 -3.3804
-165.7 -65.262 281.94 2.91 -2.5958 -2.9699
-156.08 -50.693 288.94 2.7392 -2.4505 -3.2975
-143.09 -90.768 278.25 2.8836 -2.2998 -2.9833
-178.34 -65.383 299.72 2.8939 -2.3003 -3.0583
-174.41 -69.534 280.38 2.763 -2.4591 -2.9777
-166.1 -82.184 283.86 2.5516 -2.5886 -2.9451
-165.32 -64.142 306.67 2.7073 -2.3283 -3.3443
-164.25 -82.642 300.68 2.754 -2.5337 -3.2172
-168.45 -92.581 284.88 2.677 -2.3027 -2.9238
-153.13 -84.991 302.61 2.6404 -2.7383 -3.0917
-174.42 -67.977 285.85 2.9527 -2.4886 -2.9659
-163.28 -69.655 293.5 2.7568 -2.3966 -3.173
-155.43 -63.732 310.79 2.9857 -2.6652 -3.4071
-161.57 -68.851 315.02 2.7374 -2.5866 -3.1027
-171.54 -61.155 288.01 2.9264 -2.661 -3.2986
-164.12 -93.806 292.14 2.7402 -2.5939 -3.1504
-168.5 -76.803 302.84 2.9461 -2.5529 -3.0516
-171.32 -77.39 298.52 2.9194 -2.4806 -3.1104
-151.79 -74.337 290.11 2.7305 -2.7305 -3.1199
-167.3 -63.086 290.35 2.6499 -2.4785 -3.1974
-171.1 -80.523 284.6 2.9371 -2.6175 -3.292
-172.88 -71.234 269.72 3.0165 -2.6341 -3.1996
-164.11 -92.865 290.88 2.7056 -2.6333 -3.409
-180.28 -82.912 280.47 2.8775 -2.6778 -3.1097
-181.78 -64.357 290.17 2.7612 -2.2766 -2.9351
-163.39 -91.193 317.13 2.9586 -2.287 -3.3664
-178.22 -59.61 292.78 2.9263 -2.3455 -3.3963
-169.32 -78.599 307.54 2.6255 -2.3907 -2.971
-157.57 -68.481 281.34 2.9728 -2.667 -3.2907
-156.1 -85.521 305.2 3.0368 -2.5747 -3.4097
-149.88 -66.21 275.71 2.7991 -2.6605 -3.0067
-175.42 -73.772 289.65 2.984 -2.7543 -3.3439
-156.76 -61.218 295.35 2.8359 -2.5966 -2.9742
-162.07 -79.226 298.65 2.6192 -2.405 -3.3664
-152.8 -81.112 291.2 2.6418 -2.4422 -3.2378
-163.12 -81.319 281.62 2.7453 -2.4833 -3.1174
-157.17 -54.011 280.27 2.9162 -2.5353 -3.1215
-153.93 -77.055 285.22 2.9546 -2.6111 -3.0803
-169.44 -89.848 282.25 2.9368 -2.504 -3.0901
-169.93 -64.273 286.65 2.7011 -2.3741 -3.1974
-178.61 -73.509 282.94 2.8089 -2.3737 -3.3442
-166.2 -77.317 304.87 2.5868 -2.4668 -3.0382
-161.77 -68.59 295.14 2.5977 -2.381 -3.2932
-172.75 -64.884 295.28 2.61 -2.4321 -3.0889
-164.6 -80.13 284.05 2.8812 -2.6932 -2.9854
-168.89 -72.649 295.21 2.7894 -2.5027 -3.3719
-169.64 -76.865 295.67 2.6367 -2.5812 -2.9281
-157.53 -79.539 283.08 2.7893 -2.7088 -3.3984
-157.16 -69.003 280.55 2.6157 -2.6809 -2.9964
-153.84 -66.545 273.1 2.5693 -2.6558 -2.9963
-176.17 -87.46 301.17 2.9672 -2.4187 -3.3892
-166.68 -62.657 282.32 2.8221 -2.5391 -3.1412
-158.77 -72.27 292.91 3.0067 -2.4077 -2.9425
-178.26 -76.119 293.28 2.8902 -2.6265 -3.2534
-146.06 -89.643 293.36 2.8332 -2.75 -3.0109
-162.99 -76.33 286.06 2.9495 -2.4887 -3.1134
-170.77 -74.454 290.18 2.9814 -2.6152 -3.0193
-154.99 -72.72 289.38 3.0363 -2.2817 -3.0145
-161.55 -78.123 305.94 2.5421 -2.3016 -3.3893
-164.23 -64.497 280.88 2.9746 -2.5585 -3.2725
-172.12 -58.078 290.39 2.8481 -2.7424 -3.0874
-182.98 -61.322 303.11 3.0368 -2.4191 -3.1693
-174.96 -76.064 296.66 2.8057 -2.3363 -2.9277
-171.78 -70.402 281.56 2.7816 -2.2691 -3.0399
-160.8 -69.691 300.38 2.9425 -2.7264 -3.1302
-159.18 -79.976 265.43 2.6558 -2.5297 -3.2646
-173.18 -73.873 287.52 2.7909 -2.4636 -3.2861
-157.04 -79.656 308.12 2.9923 -2.4115 -2.9708
-158.65 -73.071 297.43 2.8292 -2.3951 -3.1907
-166.58 -57.658 300.36 2.9644 -2.4298 -3.0061
-174.84 -75.629 291.51 2.9112 -2.3914 -3.365
-156.4 -81.066 288.64 2.8348 -2.5679 -2.9843
-166.62 -59.984 299.4 2.6652 -2.4641 -3.4003
-175.46 -65.028 315.62 2.8751 -2.6968 -2.9645
-162.8 -79.012 289.76 2.5836 -2.726 -2.9642
-160.09 -81.128 306.81 2.8548 -2.265 -3.1521
-179.94 -59.649 287.05 2.8723 -2.6124 -3.354
-146.66 -73.445 288.14 2.9067 -2.4574 -3.3252
-186.81 -71.906 298.95 2.9872 -2.2738 -3.0611
-181.68 -70.266 283.42 3.033 -2.662 -2.9984
-153.08 -80.049 301.87 2.9264 -2.6583 -3.3967
-162.07 -62.869 275.61 2.8326 -2.584 -3.0352
-169.61 -50.227 268.24 3.006 -2.2884 -2.9356
-165.21 -98.637 290.86 2.8319 -2.5595 -3.2427
-158.01 -71.779 295.73 2.5503 -2.6182 -3.095
-174 -64.305 305.2 2.6023 -2.6789 -3.2426
-156.04 -81.717 293.64 2.9732 -2.5563 -3.3059
-158.35 -72.861 301.99 2.784 -2.5675 -3.021
-165.77 -72.052 294.85 2.9643 -2.6893 -3.0526
-163.41 -79.756 299.24 2.6465 -2.5373 -3.2747
-171.61 -66.693 282.76 2.818 -2.7091 -3.1229
-173.89 -61.61 291.68 2.8568 -2.4475 -3.2036
-169.21 -71.526 286.47 2.5578 -2.7494 -3.3681
-155.04 -70.062 290.07 2.8492 -2.4682 -3.4021
-167.72 -79.223 315.41 2.7231 -2.36 -3.1685
-169.84 -62.573 278.4 2.5666 -2.6372 -3.275
-175.12 -74.661 292.79 2.7866 -2.5308 -3.2442
-176.66 -69.352 289.24 2.6381 -2.4702 -3.2704
-165.1 -62.011 296.24 2.6034 -2.7242 -3.3287
-154.92 -76.731 310.37 2.6446 -2.5067 -3.2145
-153.01 -75.7 301.57 2.6151 -2.4337 -3.0653
-159.72 -72.853 285.88 2.6364 -2.6442 -3.3123
-168.41 -75.991 278.11 2.5632 -2.3363 -3.081
-169 -86.448 300.92 2.8594 -2.2693 -3.1926
-161.67 -68.934 282.52 2.6828 -2.3317 -3.1975
-155.95 -88.174 285.29 2.8111 -2.5019 -3.3265
-155.58 -76.803 297.1 2.8894 -2.6154 -3.3175
-186.51 -87.842 277.22 2.7914 -2.3815 -3.1059
-165.79 -60.744 308.01 2.8097 -2.6364 -3.2796
-174.99 -72.904 293.47 2.7644 -2.2762 -3.1343
-170.04 -68.969 290.1 2.6038 -2.4447 -2.9417
-147.97 -76.387 300.52 2.787 -2.4547 -3.0569
-173.1 -57.89 300.51 2.9683 -2.6686 -3.0745
-182.16 -77.798 289.95 2.9788 -2.7097 -2.9344
-163.55 -62.241 303.47 2.677 -2.6272 -3.0265
-166.57 -62.227 296.12 2.6461 -2.3256 -3.1103
-169.48 -79.014 303.44 2.8243 -2.2993 -2.9401
-156.53 -69.465 295.08 2.862 -2.405 -3.3843
-159.66 -72.492 290.53 2.7504 -2.3923 -3.2798
-161.56 -52.608 309.93 2.6448 -2.6399 -2.9208
-168.09 -83.701 284.61 3.0158 -2.4668 -3.028
-161.82 -89.604 298.78 2.5829 -2.3495 -3.1764
-168.24 -70.65 312.67 2.5947 -2.5529 -3.0737
-163.46 -83.454 288.31 2.6129 -2.2606 -3.2057
-159.56 -79.65 298.79 2.6251 -2.7099 -3.224
-161.93 -70.444 295.64 2.8523 -2.5944 -3.3075
-172.05 -86.739 288.96 2.8287 -2.4992 -3.2227
-170.69 -63.041 292.41 2.5679 -2.7246 -3.3993
-175.72 -69.544 298.62 3.0074 -2.392 -3.178
-155.35 -59.534 315.73 2.9062 -2.4766 -3.2474
-165.58 -76.877 301.31 2.9108 -2.4902 -2.9262
-171.89 -64.628 290 2.5735 -2.3399 -3.1364
-158.55 -84.947 272.71 2.9721 -2.3255 -2.991
-170.43 -71.35 294.94 3.009 -2.3603 -3.2101
-160.86 -62.524 295.05 3.034 -2.5959 -3.1831
-150.16 -80.24 284.53 2.9713 -2.5288 -3.001
-155.95 -72.885 302.54 2.9346 -2.3787 -2.9185
-166.92 -57.412 296.35 2.7985 -2.6999 -3.1521
-166.46 -81.603 298.31 2.6306 -2.7 -2.9514
-145.95 -84.862 287.58 2.7411 -2.6199 -3.0446
-167.03 -64.422 285.61 2.6088 -2.4925 -3.1304
-162.31 -73.993 287.77 2.5573 -2.2685 -2.9297
-162.06 -84.765 281.34 3.0114 -2.3997 -3.0019
-156.07 -82.695 287.22 2.6925 -2.5989 -2.9343
-163.17 -70.296 299.71 2.6896 -2.6091 -3.0909
-161.66 -71.309 269.89 2.7083 -2.3297 -3.2243
-162.1 -77.274 274.72 2.7754 -2.299 -3.1758
-138.43 -71.468 292.71 2.8659 -2.4352 -2.9582
-156.56 -68.114 295.73 2.5545 -2.6272 -3.4067
-174.09 -81.068 282.96 2.963 -2.7105 -3.3358
-177.5 -76.956 297.81 2.8214 -2.3357 -3.1783
-181.47 -81.015 305.03 2.9689 -2.4625 -3.1426
-146.92 -60.359 299.28 2.7158 -2.2808 -3.3843
-173.51 -86.545 276.81 2.7649 -2.7243 -3.0851
-155.4 -57.617 285.14 2.569 -2.4625 -2.9693
-159.98 -79.456 283.91 2.6304 -2.6123 -3.3593
-180.59 -73.779 289.06 2.8733 -2.341 -3.1952
-145.09 -64.183 285.73 2.7073 -2.6594 -3.274
-159.8 -66.381 284.03 2.9911 -2.5336 -2.9215
-147.12 -77.172 311.54 2.6009 -2.5582 -3.1097
-161.9 -64.873 289.11 3.0361 -2.3416 -3.2872
-163.53 -85.556 290.92 2.8118 -2.4164 -3.3478
-175.52 -59.944 295.31 2.8953 -2.6511 -3.1416
-164.95 -62.154 275.12 3.0416 -2.5958 -3.0002
-163.95 -73.573 281.03 2.6858 -2.688 -2.9956
-180.53 -69.719 297.14 2.7491 -2.4191 -2.9974
-165.51 -63.963 295.96 2.7743 -2.4694 -3.3123
-163.69 -77.036 280.83 2.9238 -2.67 -3.1419
-172.53 -68.304 303.7 2.9509 -2.681 -2.9767
-161.22 -66.886 291.78 2.592 -2.5168 -3.3536
-177.45 -70.039 293.86 2.6309 -2.3008 -2.9859
-171.06 -87.964 293.54 2.7217 -2.4788 -2.9642
-164.27 -77.115 286.94 2.5702 -2.7384 -3.3052
-171.37 -93.521 274.13 2.8028 -2.7279 -3.3756
-161.1 -77.588 291.14 2.7098 -2.3523 -3.177
-168.95 -81.657 276.79 2.6297 -2.5292 -2.9966
-174.06 -74.719 290.8 2.6463 -2.5635 -3.1794
-156.01 -69.984 294.52 2.9944 -2.36 -3.2072
-159.32 -65.458 294.42 2.8795 -2.5727 -3.1627
-159.61 -75.19 278.58 2.7761 -2.4887 -3.3514
-158.47 -73.357 296.11 2.9979 -2.399 -3.348
-155.23 -63.625 280.34 2.5939 -2.3191 -2.9789
-155.41 -60.791 294.96 2.9146 -2.5905 -3.1126
-164.99 -71.582 298.48 2.91 -2.4298 -3.2815
-169.83 -65.146 308.43 2.8228 -2.2674 -2.9817
-166.43 -81.057 271.94 2.6339 -2.7169 -3.3851
-152.94 -57.902 300.74 2.8405 -2.4613 -3.1852
-177.3 -80.386 290.82 2.6918 -2.5479 -3.053
-170.97 -81.434 291.69 2.6089 -2.6003 -3.2446
-154.89 -68.377 286.82 2.6481 -2.6229 -3.2135
-156.86 -74.412 294.79 2.9893 -2.3755 -3.1506
-170.28 -89.623 289.86 2.5776 -2.2572 -2.967
-167.39 -62.984 286.26 2.6631 -2.6616 -3.0249
-166.88 -66.806 287.06 2.5687 -2.3643 -3.3794
-168.08 -57.282 298.61 2.7627 -2.657 -3.2747
-189.76 -70.81 297.36 2.5485 -2.2587 -3.2244
-169.6 -66.708 303.45 2.9904 -2.3537 -2.9818
-162.23 -85.273 296.07 2.6402 -2.5427 -3.2041
-140.81 -55.164 290.99 2.5885 -2.3904 -3.2942
-179.95 -50.044 281.06 2.6955 -2.5057 -3.1153
-171.68 -77.572 295.59 2.7699 -2.3504 -3.1744
-169.18 -80.706 289.38 2.5927 -2.5766 -2.9648
-174.75 -63.757 294.66 3.0395 -2.7182 -2.9468
-172.06 -85.111 301.19 2.7079 -2.4594 -3.0052
-184.57 -72.222 287.52 2.6905 -2.2998 -3.0597
-166.45 -75.107 287.62 2.5729 -2.658 -3.0425
-170.51 -65.492 289.85 2.691 -2.5387 -2.9643
-159.97 -93.447 294.57 2.565 -2.3803 -3.3815
-164.75 -72.524 312.81 2.7946 -2.7353 -3.2462
-154.66 -71.139 283.72 2.9226 -2.2817 -3.412
-149.12 -91.469 305.84 2.8574 -2.373 -3.0001
-164.1 -75.347 290.29 2.5868 -2.4754 -3.1604
-177.7 -67.467 301.42 2.5823 -2.6629 -3.231
-162.88 -86.516 293.04 2.9305 -2.5059 -3.3008
-151.34 -76.759 287.1 2.9944 -2.4959 -3.1467
-166.28 -71.79 289.85 2.8087 -2.2577 -3.2694
-161.45 -78.984 302.03 2.5964 -2.3274 -3.3799
-174.99 -58.027 305.11 2.9548 -2.2737 -3.3716
-150.23 -66.064 302.05 2.7109 -2.4154 -3.38
-161.28 -79.546 286.81 2.6888 -2.5531 -3.2092
-169.54 -70.442 279.56 2.915 -2.2874 -3.3524
-182.06 -62.47 296.45 2.547 -2.5151 -3.1926
-172.2 -71.276 297.72 2.5661 -2.639 -2.9647
-175.59 -68.189 267.32 2.8758 -2.5567 -3.2373
-170.25 -67.327 292.69 2.8436 -2.4023 -3.354
-161.85 -66.367 313.4 2.8049 -2.4756 -3.1296
-157.03 -86.986 290.56 2.9067 -2.3765 -2.9766
-163.77 -80.526 286 2.8955 -2.2571 -3.2398
-164.49 -77.287 282.37 2.9325 -2.2736 -3.3932
-161.58 -89.733 274.33 2.6858 -2.4873 -3.343
-138.79 -87.777 287.55 2.8881 -2.2729 -3.3758
-162 -70.182 295.46 2.8202 -2.697 -3.0439
-163.92 -70.169 282.61 2.7401 -2.7291 -3.1859
-149.54 -64.512 294.98 2.5726 -2.6027 -3.08
-164.43 -70.102 300.32 2.9319 -2.4648 -3.0645
-172.05 -81.426 286.51 2.7106 -2.4894 -3.1284
-156 -73.916 297.37 2.8458 -2.3043 -3.0998
-168.9 -80.923 298.1 2.9125 -2.4846 -2.9752
-163.3 -65.087 292.02 2.5943 -2.5389 -3.0829
-156.56 -88.868 312.01 2.6058 -2.4835 -2.9764
-157.24 -65.164 279.72 2.8166 -2.3986 -3.1804
-181.36 -68.777 295.2 2.7845 -2.7465 -3.3435
-188.94 -66.027 283.18 2.9871 -2.3544 -3.3801
-172.34 -79.545 285.23 2.9413 -2.6836 -3.057
-148.8 -71.787 296.85 2.909 -2.5156 -3.2601
-162.97 -74.169 303.37 2.5675 -2.6264 -3.0785
-166.84 -88.867 294.15 2.5783 -2.5703 -3.0879
-166.88 -68.91 305.49 2.5861 -2.424 -3.1486
-154.94 -69.332 283.14 2.941 -2.6701 -3.0566
-162.02 -81.189 295.83 3.0134 -2.6155 -3.1617
-160.56 -61.358 287.14 2.8837 -2.6557 -3.1701
-186.23 -91.41 284.87 2.6079 -2.6573 -3.1652
-167.06 -77.868 266.13 2.9032 -2.5914 -2.9461
-165.13 -77.667 300.05 2.597 -2.3147 -3.2195
-173.92 -80.895 311.19 2.6006 -2.5193 -3.3555
-165.55 -80.398 297.44 2.8622 -2.5529 -3.2939
-171.35 -68.928 306.21 2.7063 -2.6652 -3.0717
-156.62 -82.496 293.03 2.8688 -2.2704 -2.9945
-171.03 -73.07 280.14 2.9164 -2.5511 -2.929
-152.28 -78.01 283.72 2.8334 -2.3326 -3.3065
-165.75 -75.042 284.42 2.9119 -2.4472 -3.034
-156.37 -54.435 303.47 2.6593 -2.5666 -3.1221
-142.47 -79.177 287.64 2.9093 -2.3163 -3.2126
-164.65 -64.903 293.36 3.0271 -2.3624 -3.1591
-150.38 -73.38 279.11 2.9753 -2.5224 -3.1663
-176.05 -73.444 290.61 2.585 -2.3479 -3.0884
-147.09 -92.784 276.19 2.7251 -2.3056 -3.0423
-177.41 -63.551 285.42 2.7264 -2.5402 -3.2631
-165.98 -72.213 300.04 2.8844 -2.5877 -3.3693
-168.59 -78.098 309.54 2.8408 -2.4565 -3.0011
-176.81 -73.384 297.3 2.9365 -2.3039 -3.2193
-178.4 -74.848 293.42 2.7257 -2.4038 -3.0265
-158.86 -55.438 303.18 2.6449 -2.5661 -3.3244
-179.21 -84.827 299.72 2.5852 -2.3874 -3.3594
-178.73 -79.374 267.96 2.9278 -2.2778 -2.9615
-154.03 -71.13 274.53 2.6447 -2.4834 -2.9759
-165.31 -55.217 284.11 2.736 -2.4848 -2.9142
-161.53 -71.185 283.71 2.8177 -2.5993 -2.982
-174.34 -62.647 276.44 2.6563 -2.7192 -3.3957
-167.29 -66.232 285.66 2.8628 -2.6639 -3.1418
-162.25 -66.569 283.13 2.7841 -2.7084 -2.9153
-163.65 -60.883 303.45 2.6178 -2.5231 -3.1586
-147.44 -50.846 286.34 2.9328 -2.7502 -2.9774
-171.56 -72.282 279.68 2.5921 -2.2973 -3.379
-166.82 -76.659 288.28 2.6889 -2.4335 -2.9204
-157 -71.886 285.59 2.6605 -2.7541 -2.9528
-155.84 -76.79 295.07 2.8073 -2.7397 -3.132
-185.06 -96.872 290.13 2.5876 -2.6506 -3.1984
-169.24 -74.918 277.59 2.7445 -2.5274 -3.2452
-172.09 -72.08 298.25 2.5943 -2.6912 -3.0538
-165.48 -77.421 288.8 2.598 -2.7505 -3.4073
-160.17 -75.927 286.44 2.9341 -2.3913 -3.2271
-160.87 -61.396 283.93 2.6876 -2.5778 -2.9528
-153.91 -72.933 300.38 2.8436 -2.3646 -3.1409
-160.85 -74.057 291.36 3.0241 -2.5365 -3.1772
-162.17 -80.372 276.92 2.7581 -2.5366 -3.1659
-155.87 -79.331 314.15 2.8892 -2.7302 -3.2596
-161.04 -74.767 289.03 2.9209 -2.73 -2.9387
-178.57 -72.479 295.16 2.7582 -2.7093 -2.9231
-164.22 -69.872 295.99 2.8696 -2.4578 -3.1573
-181.87 -57.406 279.38 2.5967 -2.6343 -2.9178
-154.22 -60.193 304.66 3.0087 -2.3342 -3.1862
-186.4 -85.73 294.96 2.6356 -2.3262 -3.2011
-170.82 -56.192 293.88 2.6749 -2.2731 -3.3075
-164.38 -83.613 305.95 2.9408 -2.5104 -3.3175
-165.7 -48.046 294.04 2.7856 -2.6447 -2.9977
-146.49 -71.765 275.22 2.9263 -2.6418 -3.0508
-164.77 -78.146 292.28 2.7399 -2.4865 -3.1492
-171.46 -93.971 304.11 2.6783 -2.3738 -2.9996
-159.45 -77.738 304.57 2.5605 -2.5811 -3.1582
-177.39 -58.337 295.09 2.8785 -2.5242 -3.1381
-159.87 -77.885 275.51 2.7566 -2.4352 -3.3075
-162.81 -78.267 303.41 2.7677 -2.2962 -3.1202
-169.25 -86.888 291.87 2.8468 -2.6741 -3.3427
-171.54 -85.498 294.36 2.5715 -2.397 -3.388
-177.23 -79.545 305.26 2.6998 -2.466 -3.0725
-184.11 -70.158 296.47 2.9282 -2.5382 -3.1098
-169.56 -94.381 255.22 2.8901 -2.3127 -3.3043
-157.55 -67.085 275.81 2.6045 -2.5583 -3.211
-172.46 -78.569 284.16 2.6069 -2.6654 -3.0992
-149.48 -65.715 279.53 2.588 -2.4382 -3.1365
-174.21 -73.802 293.98 2.5458 -2.4429 -3.3503
-143.91 -78.185 293.96 2.7534 -2.5909 -3.3295
-172.24 -68.731 285.51 2.8696 -2.3534 -3.4136
-164.33 -68.707 304.14 2.9033 -2.2551 -3.205
-150.97 -53.507 284.56 2.8075 -2.2644 -3.1699
-152.99 -86.77 288.99 2.5963 -2.6913 -3.3342
-172.9 -80.779 285.77 2.8577 -2.6387 -3.0807
-157.94 -85.993 283.48 2.6051 -2.743 -3.4052
-176.47 -79.46 292.99 2.609 -2.4511 -3.3543
-182.38 -78.812 278.5 2.5911 -2.6995 -2.9381
-158.71 -78.173 289.32 2.6129 -2.5511 -2.9262
-182.62 -78.448 300.75 2.626 -2.3128 -3.3987
-186.7 -78.862 300.58 2.64 -2.4808 -3.1672
-165.92 -76.13 272.98 2.7006 -2.5704 -2.9828
-151.47 -69.476 296.51 2.7001 -2.6507 -3.2927
-153.14 -62.621 287.86 2.6506 -2.5344 -2.997
-180.27 -77.408 296.95 2.6674 -2.2768 -3.0073
-164.95 -55.484 294.17 2.9883 -2.6928 -3.0996
-157.29 -65.031 289.28 2.8935 -2.5195 -3.413
-155.58 -61.562 292.31 2.8197 -2.3264 -3.2243
-149.72 -83.56 298.52 2.6341 -2.7332 -2.9619
-149.46 -92.04 299.7 2.6479 -2.409 -3.0739
-156.76 -70.489 284.95 2.5805 -2.2654 -3.2247
-179.57 -70.315 279.17 2.9987 -2.6132 -3.0981
-164.93 -90.761 288.25 2.8952 -2.688 -3.2925
-179.12 -88.617 302.64 2.8207 -2.4122 -3.1284
-152.99 -70.238 295.87 2.6986 -2.3001 -2.9233
-147.9 -63.394 296.38 2.6249 -2.4494 -2.9893
-185.34 -60.195 288.02 2.8531 -2.3049 -3.2724
-156.97 -82.941 284.79 3.0358 -2.6581 -3.0729
-168.75 -67.712 313.21 2.6271 -2.3776 -3.2351
-170.1 -67.616 291.39 2.6707 -2.5817 -2.9207
-174.21 -74.079 292.11 2.7402 -2.5455 -3.3721
-152.69 -84.277 289.71 2.5788 -2.677 -3.289
-161.49 -84.803 293.14 2.8839 -2.3454 -3.0084
-166.51 -66.353 289.25 2.743 -2.4424 -3.3719
-161.15 -90.579 282 3.0333 -2.3856 -3.1485
-155.19 -76.708 297.37 2.7429 -2.3523 -3.0138
-174.02 -72.354 306.84 2.8522 -2.7212 -3.0447
-173.27 -62.829 294.29 2.619 -2.2795 -3.3433
-158.44 -77.35 285 2.7325 -2.5061 -3.1952
-149.47 -87.683 293.01 2.6224 -2.3773 -3.2389
-152.82 -70.278 302.65 2.9209 -2.3837 -3.1749
-166.48 -80.955 310.28 2.9774 -2.3393 -3.1204
-178.64 -55.984 278.39 2.7172 -2.6766 -3.3412
-188.75 -82.438 293.58 2.8846 -2.5262 -2.9615
-174.59 -72.048 288.11 2.6889 -2.4458 -3.094
-154.03 -53.334 297.89 2.8072 -2.2888 -3.3327
-170.81 -63.217 294.13 2.9581 -2.3373 -3.1312
-162.49 -73.927 286.56 2.8406 -2.3071 -2.9483
-163.19 -68.967 274.37 2.7095 -2.4636 -3.0226
-187.35 -49.731 280.3 2.6915 -2.4635 -3.0713
-152.81 -59.752 286.38 2.7681 -2.3274 -3.181
-145.08 -87.042 289.71 2.7532 -2.7374 -3.284
-165.71 -71.911 304.2 2.7216 -2.3121 -3.1295
-155.34 -63.11 286.5 2.821 -2.551 -3.2897
-172.9 -89.107 296.16 2.9131 -2.7367 -3.2545
-159.36 -70.872 301.5 2.754 -2.3818 -2.9587
-144.09 -74.44 294.76 2.7565 -2.6774 -2.9715
-152.21 -70.875 293.29 2.6043 -2.6829 -3.0168
-172.32 -81.809 286.34 2.5541 -2.4519 -2.9512
-175.52 -92.028 300.86 2.6869 -2.6276 -3.3247
-164.79 -84.483 308.73 2.7006 -2.5928 -3.1554
-167.69 -55.009 297.2 2.8687 -2.554 -3.1006
-165.95 -75.056 295.52 3.0203 -2.5517 -2.9575
-152.61 -83.274 294.8 3.0097 -2.5618 -3.0821
-163.11 -59.08 302.78 2.7708 -2.45 -3.2195
-148.68 -64.568 289.14 2.6621 -2.6714 -3.0441
-165.75 -82.384 287.32 2.9238 -2.6608 -3.0053
-166.66 -63.009 297.76 2.9215 -2.7075 -3.1139
-157.39 -62.654 289.38 2.9122 -2.5933 -3.3716
-161.06 -81.496 301.36 2.9137 -2.3701 -2.9529
-167.42 -68.359 277.81 2.5948 -2.6378 -3.3873
-181.2 -77.466 305.71 2.8826 -2.3847 -3.1506
-176.49 -61.25 285.14 2.7735 -2.4084 -3.3547
-159.15 -86.379 294.83 2.6479 -2.3428 -3.2241
-159.89 -77.844 287.77 2.5911 -2.3409 -3.0077
-180 -65.55 299.58 2.9536 -2.6082 -3.2921
-164.12 -74.554 278.27 2.6294 -2.6002 -2.9719
-160.03 -67.994 281.77 2.6236 -2.4933 -3.0578
-177.08 -56.383 308.77 2.8748 -2.5922 -3.225
-175.3 -78.022 282.69 2.989 -2.3389 -3.2897
-153.38 -84.717 285.46 2.8001 -2.3497 -3.2877
-182.86 -58.135 293.07 2.8932 -2.4764 -3.0305
-160.86 -78.132 284.46 2.6186 -2.6234 -3.3892
-155.54 -70.575 293.91 3.0186 -2.4146 -3.0715
-183.24 -79.578 304.2 2.8123 -2.638 -3.104
-166.62 -89.446 293.13 2.8817 -2.5266 -3.0408
-177.08 -83.232 309.71 2.5601 -2.5626 -2.9255
-164.42 -60.636 277.95 2.9464 -2.4856 -3.2222
-169.54 -77.91 289.6 2.9162 -2.259 -3.284
-181.83 -75.26 283.7 2.6019 -2.3772 -2.9754
-159.14 -70.758 296.13 2.8044 -2.2646 -3.0111
-159.36 -61.99 279.83 2.7048 -2.6375 -3.1836
-171.51 -72.234 274.85 2.8151 -2.4906 -3.3686
-160.04 -76.343 288.51 2.7413 -2.7291 -3.132
-178.77 -82.283 274.29 2.7494 -2.3764 -3.3204
-177.67 -67.93 283.46 2.6322 -2.4539 -3.1483
-176.86 -94.641 286.97 2.6695 -2.3263 -3.2366
-166.42 -85.508 275.74 2.5521 -2.2607 -3.2567
-170.56 -66.395 298.08 3.0037 -2.2901 -3.0508
-146.21 -69.29 295.5 2.8687 -2.5501 -3.1562
-166.03 -86.527 286.17 3.0082 -2.7547 -3.0188
-159.7 -68.388 278.52 2.6236 -2.4844 -3.3119
-159.58 -69.064 289.69 3.0024 -2.651 -3.0751
-161.61 -85.601 290.77 2.9392 -2.6452 -3.3879
-163.41 -74.476 270.72 2.8305 -2.592 -3.0135
-152.88 -57.737 305.52 2.7619 -2.7069 -3.0748
-176.96 -78.694 296.8 2.6707 -2.3811 -2.9411
-148.97 -87.234 274.91 2.9178 -2.3806 -3.3683
-158.46 -72.171 312.23 2.6562 -2.4832 -2.9599
-176.82 -79.36 290.91 2.5739 -2.5858 -3.1591
-154.22 -77.345 277.71 2.9255 -2.3387 -3.1067
-153.5 -69.657 283.18 2.8774 -2.4786 -3.2561
-148.25 -74.307 295.07 2.8995 -2.2761 -3.3754
-169.53 -77.573 278.05 2.8629 -2.3084 -2.9888
-148.93 -84.076 287.71 2.7514 -2.5766 -3.3419
-162.69 -81.961 291.43 2.7372 -2.4817 -3.2289
-179.96 -83.993 288.19 2.9499 -2.5815 -3.1029
-173.08 -79.81 294.48 2.7006 -2.4435 -2.9153
-156.03 -56.153 285.32 2.9491 -2.3565 -3.1555
-147.39 -72.282 289.94 2.9364 -2.3819 -2.9189
-177.15 -79.252 294.35 2.968 -2.6921 -3.3009
-166.43 -75.037 270.24 2.7947 -2.3437 -3.2151
-171.89 -71.305 273.26 2.8597 -2.7423 -3.0658
-146.53 -70.998 281.77 3.0173 -2.5476 -3.3818
-174.28 -70.571 293.24 2.7638 -2.3892 -3.0403
-152.01 -62.853 294.47 2.5719 -2.3642 -3.2039
-171.57 -77.197 285.13 2.9752 -2.5712 -3.0085
