100
0.31472 -0.33782 0.14432 -0 -0 0
0.40579 0.29428 -0.12139 0 -0 0
-0.37301 -0.18878 0.31158 -0 0 0
0.41338 0.028533 0.032826 -0 -0 -0
0.13236 -0.33435 -0.14927 0 0 -0
-0.40246 0.10198 0.439 -0 0 -0
-0.2215 -0.23703 0.37594 0 0 0
0.046882 0.15408 0.050156 0 -0 0
0.45751 0.18921 0.12248 0 -0 -0
0.46489 0.24815 0.087045 -0 -0 0
-0.34239 -0.049458 -0.29226 0 0 0
0.47059 -0.41618 -0.19875 0 0 0
0.45717 -0.27102 -0.029077 0 -0 0
-0.014624 0.41334 -0.26951 0 0 0
0.30028 -0.34762 0.34431 0 0 0
-0.35811 0.32582 -0.30524 -0 0 0
-0.078239 0.038342 -0.27408 -0 0 -0
0.41574 0.49613 -0.32929 0 -0 -0
0.29221 -0.42182 -0.27234 -0 -0 -0
0.45949 -0.057322 -0.064301 -0 0 -0
0.15574 -0.39335 -0.1889 -0 0 -0
-0.46429 0.4619 0.42338 -0 -0 -0
0.34913 -0.49537 -0.069793 0 -0 -0
0.43399 0.27491 -0.31518 0 -0 0
0.17874 0.3173 0.40488 -0 -0 0
0.25774 0.36869 0.47975 -0 -0 0
0.24313 -0.41556 -0.06113 0 -0 0
-0.10777 -0.10022 -0.38888 -0 0 0
0.15548 -0.24013 -0.24194 0 -0 -0
-0.32881 0.30007 -0.09128 0 0 -0
0.20605 -0.068586 0.094896 -0 0 0
-0.46817 0.41065 -0.23779 -0 0 -0
-0.22308 -0.31815 0.10284 -0 0 0
-0.45383 -0.2362 0.21122 0 0 0
-0.40287 -0.35446 -0.27825 -0 -0 0
0.32346 -0.36393 -0.38258 -0 0 -0
0.19483 0.36929 -0.20332 -0 -0 -0
-0.1829 0.079705 -0.18122 -0 0 0
0.45022 0.04986 -0.075833 -0 0 0
-0.46555 -0.35505 0.0078583 -0 -0 0
-0.061256 0.35303 -0.41448 0 -0 -0
-0.11844 0.12206 -0.23752 0 -0 -0
0.26552 -0.14905 0.30101 -0 0 0
0.2952 0.01325 -0.47078 0 0 -0
-0.31313 -0.098192 0.42885 -0 -0 -0
-0.010236 -0.42403 0.23033 -0 0 0
-0.054414 -0.26008 -0.011391 0 0 -0
0.14631 -0.37668 0.078525 0 -0 -0
0.20936 -0.31609 -0.26272 -0 0 0
0.25469 -0.26005 -0.041151 0 -0 -0
-0.22397 -0.082733 0.46309 -0 0 0
0.1797 -0.45035 0.046806 0 -0 -0
0.1551 0.40272 0.021136 0 -0 0
-0.33739 0.44479 -0.26841 0 -0 0
-0.381 -0.0091359 -0.011102 0 -0 -0
-0.0016359 -0.010747 0.12406 0 0 -0
0.45974 -0.16228 0.17914 -0 -0 -0
-0.15961 0.40005 -0.10448 -0 0 -0
0.085268 -0.13075 -0.13256 0 -0 -0
-0.27619 -0.3888 0.48798 -0 -0 -0
0.25127 0.28025 -0.46226 -0 -0 0
-0.2449 -0.11026 0.38517 0 0 -0
0.0059571 -0.25831 0.41329 0 -0 0
0.19908 -0.096088 0.29618 0 -0 -0
0.3909 -0.40355 -0.40129 -0 -0 0
0.45929 -0.36803 -0.23813 -0 0 -0
0.047216 0.44205 -0.16464 -0 -0 0
-0.36138 0.45613 0.17973 0 0 0
-0.35071 0.075209 -0.36345 -0 -0 -0
-0.24249 -0.44022 0.22123 0 0 -0
0.34072 -0.26522 -0.39324 0 -0 0
-0.24572 -0.14684 0.15376 -0 0 0
0.31428 0.32119 -0.0058261 -0 -0 -0
-0.25648 -0.4846 0.27905 -0 -0 0
0.42926 -0.45698 0.21504 -0 -0 -0
-0.15002 -0.33101 0.40372 -0 0 0
-0.3034 0.14912 0.39092 0 0 0
-0.24892 0.23172 -0.16584 -0 0 -0
0.11604 0.14775 0.19875 -0 -0 0
-0.026711 -0.049076 -0.30219 0 0 0
-0.14834 0.047009 -0.46946 -0 0 0
0.33083 -0.20368 0.24407 -0 0 0
0.085264 0.24469 2.2436e-005 0 0 0
0.049724 -0.31104 -0.020078 -0 0 -0
0.41719 0.18678 0.40472 0 -0 -0
-0.21416 -0.31649 0.10987 0 0 -0
0.2572 -0.13152 0.11767 0 -0 0
0.25373 0.12562 0.35944 -0 -0 0
-0.11955 0.28023 0.30549 0 0 0
0.067822 -0.41887 0.076722 -0 -0 -0
-0.42415 0.42939 -0.31708 0 -0 0
-0.44605 0.27571 -0.26007 0 0 -0
0.030798 -0.013208 0.38651 0 0 -0
0.27917 -0.064141 -0.47133 -0 -0 -0
0.43401 -0.053216 -0.010099 0 0 0
-0.37009 -0.19365 -0.33207 -0 -0 -0
0.068824 0.0085087 0.47868 -0 0 -0
-0.030609 0.010772 0.21269 -0 0 -0
-0.4881 0.31763 0.00047162 -0 -0 -0
-0.16288 0.29483 -0.028912 -0 0 -0
